Data/gpw-v4-population-density-adjusted-to-2015-unwpp-country-totals-rev11_2020_30_min_asc/gpw_v4_population_density_adjusted_to_2015_unwpp_country_totals_rev11_2020_30_min.asc
ncols         720
nrows         360
xllcorner     -180
yllcorner     -90
cellsize      0.50000000000003
NODATA_value  -9999
[rows 192 to 223 of 360, columns 216 to 287 of 720]
0.08339875 0.03213517 0.4665975 0.03744918 0.03539134 0.07706191 0.136384 1.771196 0.2773789 0.000654877 0.001797333 0.004817007 0.01753886 0.01963323 0.1044607 0.4644821 0.1450624 0.1570715 0.2288771 0.9863428 2.507718 0.230175 0.2930817 0.3266577 0.09909499 0.01977906 0.007147544 0.06607898 1.231649 0.2018297 0.01627428 0.3153549 1.676886 0.03791044 0.01581997 0.01358133 0.07931295 0.3548189 1.408433 15.95932 3.615184 2.991409 0.7298274 3.985682 103.6032 10.83431 11.09515 5.135828 6.816137 25.24586 3.551732 5.591276 1.113635 1.995856 3.700689 19.02833 23.46796 3.910283 16.91346 7.575252 10.03926 2.988591 11.17172 12.2439 15.5852 59.27282 34.48119 53.45645 41.31201 46.77765 31.25599 42.13812
0.4278257 1.046788 1.126312 1.048565 9.752024 0.3155358 0.09309825 0.05716559 0.05772379 0.06856333 0.09856103 0.001037127 0.002524953 0.00448843 0.2215951 2.73893 0.04077598 0.2335303 0.7040066 0.659673 0.1174909 0.1145052 0.1414737 0.4312408 0.3857778 0.6583098 0.04044929 0.1426483 0.1720372 0.1028728 0.6106521 0.4828092 0.1351773 0.5014504 0.03056163 0.004510703 0.01851336 0.1427165 0.9987953 3.699682 33.52187 24.9094 1.437157 7.488088 20.60615 2.989127 4.214242 2.307838 7.313223 20.05532 4.886196 6.72595 0.9222195 0.9479381 3.124818 9.453521 7.444118 22.46674 7.407773 8.892365 15.82651 13.5422 7.401352 8.942652 27.6643 32.18713 51.00376 50.50721 28.7228 13.48128 28.87883 26.96731
6.833104 0.5410351 0.1751254 3.279445 0.6890926 0.02291028 0.02660189 0.04176336 0.0872827 0.1408954 0.06197337 0.04586447 0.1146463 0.669553 11.71239 0.1090014 0.09015661 2.244186 0.8708863 0.1067909 0.03966529 0.09724583 0.1801542 0.2688568 5.749805 0.1918111 0.01893962 0.1777449 0.08716465 0.1571229 0.05777621 0.03295642 0.07191253 6.610888 0.1693499 0.004044151 0.0009871756 0.001803021 0.539625 0.4071487 0.3983928 0.1365427 1.155246 6.04961 13.99836 1.604594 4.751058 66.3323 4.815655 7.865646 5.888859 4.77313 2.240147 9.182798 8.405814 2.158191 4.387776 0.9333797 3.572637 11.99319 11.64419 41.2771 22.01983 26.7154 19.81441 187.6204 49.93606 29.85744 21.8524 73.91589 23.30799 25.37888
1.419029 0.4281242 0.7090899 0.7308081 0.4057435 0.01130968 0.01607381 0.08858566 0.164111 2.066277 2.53636 0.6283862 0.6309155 0.4414986 0.259069 0.08421756 0.1242255 12.4355 0.2132923 0.4323398 1.93617 0.3521632 0.082031 0.06925452 0.04185798 0.002372928 0.0006683167 0.00122951 0.04770179 0.06902321 0.02747043 0.02333494 0.0391488 0.3945889 0.06566362 0.02845873 0 0.002197101 0.1800858 0.3103769 0.2208235 0.656141 2.587502 2.229021 5.552228 5.207119 2.469946 4.680654 3.381212 2.598021 3.299452 33.53098 1.102624 5.510388 0.616931 0.9957795 2.999676 6.032262 4.650915 4.350029 10.99195 6.80112 19.57086 54.14186 21.91029 31.62759 21.87852 44.13856 55.22701 24.09082 12.8547 73.18729
0.5849057 1.144817 11.41392 9.022211 0.318003 0.01172197 0.02557263 0.07787456 0.5884544 0.539977 0.08115742 0.03815698 0.04690763 0.04543424 0.09583957 0.298609 0.90032 0.92305 0.9754121 0.02746625 0.1837677 0.3807678 0.0079467 0.01408796 0.02495397 0.0188233 0.0002036469 0.0242644 0.01581495 0.02149273 0.05494514 0.006919128 0.05160236 3.318322 0.1410313 0.01036446 1.973487e-06 0.1160503 0.01304679 0.1389684 0.0451435 0.6487033 1.641463 28.65062 2.856081 15.01583 1.89449 14.6415 3.067866 0.9061692 1.292355 0.5571983 2.919671 0.5981521 0.9589971 0.6101826 6.50185 2.437531 7.250215 9.195832 5.971332 10.28972 11.21248 10.61824 10.20206 26.01681 12.35879 8.587245 16.36644 36.98974 44.94527 102.4394
0.770754 0.8641528 1.201341 0.5288214 0.3504723 2.875018 0.8093683 0.09220352 0.6268113 8.153852 0.3584617 0.01384837 0.02308706 0.02239976 0.08614546 1.480932 170.4404 0.8820047 0.1062418 0.2707167 0.06860045 0.07324398 0.01186062 0.01347381 0.01909282 0.0949263 0.01813705 0.05754852 0.01436079 0.03718022 0.03570799 0.0125134 0.05572146 0.8454562 0.071052 0.008698607 0.0005491132 0.3277915 0.01983554 0.009866539 0.2384543 0.5068278 2.255095 3.782258 3.068221 1.53807 13.3061 8.446695 1.680702 2.224604 0.7971604 0.2253854 0.3591493 0.5568339 0.8062879 6.783896 1.045551 0.3181922 2.75658 1.995715 2.630862 8.240685 7.695646 7.300561 19.96705 21.19436 20.97443 14.53662 25.50894 36.43206 52.16801 119.8372
1.90885 0.410057 0.4504914 2.601216 0.6706815 0.466343 13.3544 1.182977 0.644068 0.5238257 0.1547279 0.1600576 0.06157779 0.02679174 2.238355 3.7577 1.290458 5.733849 11.5645 4.956494 5.965011 0.2191032 0.2059723 1.22212 0.5630256 9.585396 3.171211 0.2227005 0.2155372 0.3037555 0.0831522 0.04334532 0.04287601 0.0302077 0.05853782 0.01160306 0 0.0008184664 0.02051273 0.02502865 0.1000575 1.114278 4.020372 23.04249 2.34291 1.743709 2.451531 1.56925 1.632435 0.512782 0.31027 0.4459751 4.081522 0.3130083 3.106327 10.22911 1.862097 11.15892 18.5373 3.856086 2.828607 3.553824 143.9984 89.07323 2.514827 2.508502 1.394383 74.6142 40.661 55.14235 64.72076 79.11442
0.04478742 0.1052275 0.2131017 0.1100968 0.0620872 0.3015044 1.0238 2.621047 124.4252 3.707449 3.042942 2.866002 2.333638 1.070076 2.772191 0.3514707 2.859884 37.71678 2.840312 6.619602 0.7015105 0.05847814 0.06701908 0.3094137 1.75844 3.310777 3.939032 1.178019 4.544063 5.027925 1.334612 17.65226 3.252027 2.663512 10.79575 0.6476131 0.2680285 0.1436002 0.03378104 0.1719939 0.1980963 1.833534 3.150832 0.821706 2.154725 3.228347 6.576895 8.308967 3.504403 0.2437394 1.011715 0.3709205 0.5981063 6.893816 1.067529 1.135947 1.519705 6.794221 4.932419 16.5813 14.15805 2.93856 2.732285 4.059135 5.903326 8.402247 1.28958 10.63329 34.45797 52.39016 158.8189 106.9335
0.2746731 0.2734623 0.1377055 0.04324218 0.1725021 0.4577712 0.470275 0.8357685 32.94763 9.941314 1.072559 0.9114928 1.042552 7.082827 3.79992 2.299892 14.53549 5.900879 3.425641 16.9737 0.751748 0.06594475 0.1375619 0.1334428 0.2586872 7.465248 5.145793 4.077418 1.533933 0.2810344 0.1641144 1.41715 1.393465 4.925858 11.75364 3.155493 0.3087886 0.2244138 0.1128712 1.059605 1.599361 8.506609 2.354374 0.217382 0.3562649 2.566342 19.50228 125.2446 3.518848 0.3571147 0.5920919 0.1752061 0.09878445 8.499929 4.598006 5.487304 5.380346 1.639178 1.16278 4.523867 0.5427335 2.390088 5.961314 37.04157 9.566974 13.54498 4.746525 27.80155 24.74811 41.92931 81.84481 62.00314
0.2679484 0.2005075 0.1438936 0.2596851 3.216069 1.996297 6.707896 4.772413 3.616071 0.6745829 0.6896776 2.635407 6.601827 15.39175 0.3292149 0.1305199 1.759672 0.6410213 6.492196 14.55205 40.13808 1.476095 0.3380316 0.09208588 0.06280226 0.2673935 0.6227978 0.7749482 0.6133353 0.06764033 0.09892274 0.3325722 3.785952 13.1519 0.8449178 0.183831 0.04771436 0.1905662 1.249379 1.10399 12.08057 0.813759 0.3945982 0.1456151 4.256886 2.621626 4.013829 17.68721 3.034514 0.1764778 0.05999606 0.8662521 0.1039381 4.796686 5.155991 6.62173 6.01846 3.222737 17.6743 2.156941 1.289785 10.98318 7.849107 37.14279 22.50266 31.09288 32.97388 39.00469 74.6731 430.8447 57.38748 9.412604
2.834213 2.831931 1.11287 0.4003888 1.741289 1.510042 38.8312 0.9604719 1.409175 1.692198 3.316178 10.08713 8.842624 2.639991 0.1997846 0.1012223 0.009624826 0.0238001 3.843256 9.530796 9.622872 26.11746 1.937503 0.03960353 0.01610067 0.7437856 13.6853 0.657769 7.827238 3.578326 1.999832 0.7632729 0.5198089 1.117046 3.334033 0.7129925 0.1468504 0.2311925 0.0908718 0.4882442 1.391843 0.3927281 1.01943 0.08978885 0.9827152 1.495331 3.898215 3.763073 2.117884 0.4711777 0.9907633 0.2250275 0.2896732 6.889327 4.870731 0.4860114 0.8613792 10.4824 2.747773 16.02533 55.90854 6.368268 30.44023 30.18352 12.86411 36.52238 31.69005 39.99254 73.9737 108.6373 -9999 -9999
0.3696874 2.074597 4.131014 2.324644 1.663625 1.159139 0.7435746 0.74025 2.269207 2.734603 2.128396 7.134173 9.506868 5.356563 0.256658 0.2476217 0.8920479 3.173098 6.810749 12.52092 24.36255 21.1223 1.463195 0.1297996 0.01669777 0.1162803 0.1396949 1.005334 0.2307024 1.350698 0.2949051 0.2910827 43.13966 14.20689 3.748549 0.9076337 0.2820966 0.3258919 0.1976594 0.6063912 1.508532 2.626769 2.320458 0.03626267 5.384488 30.8756 1.793573 1.788081 3.553735 3.242379 8.249711 0.4028831 0.6479823 2.923766 5.708207 2.086118 0.9769038 3.709027 5.977562 7.231441 26.78089 16.14222 16.77891 26.63619 17.8782 61.54973 35.72766 44.75885 34.64884 10.84161 -9999 -9999
0.7784485 0.7070811 0.7803701 2.951279 4.062352 1.963157 0.7970701 0.4767498 0.5453054 1.870527 1.594731 0.4679857 0.2537774 0.3035313 0.7718787 5.530051 5.732546 1.190408 0.2157809 1.391119 6.057879 1.827533 0.7578179 0.1435003 0.08140501 0.006498557 0.2281815 3.248072 2.38282 0.6655816 3.354404 2.933233 1.609253 3.935072 4.295494 1.266021 0.2987471 0.682106 0.3426885 0.3250397 2.667844 1.582911 0.7157561 0.07658847 0.5743482 4.536242 2.66829 0.5275553 0.5400187 1.423115 1.772497 5.820094 29.45931 29.57755 48.12466 10.46235 6.502889 10.80818 6.58064 4.556778 24.23141 12.9657 10.79895 11.7024 19.38331 49.87031 273.0854 92.58619 17.46544 -9999 -9999 -9999
2.280767 0.8997622 3.596687 2.284575 2.677889 4.223701 2.101029 0.3553907 0.3553907 0.3687142 1.019463 0.2780943 0.2537774 0.2769424 0.8260942 0.7553899 0.9066622 0.609315 0.08740775 0.2999185 0.2229552 0.4310619 3.240998 35.07744 0.1575269 0.06124478 0.2770581 0.3248531 0.3211901 0.424178 4.85659 1.713165 37.63776 0.6633125 0.4109512 0.1691297 0.07079192 0.09081769 0.8018623 5.5402 2.085846 0.2244892 0.0692109 0.3263387 2.943456 1.119723 1.540071 1.230094 2.218634 0.3337734 6.10441 2.028597 2.297852 1.228957 2.989457 12.2742 6.617271 10.3336 13.45807 13.78218 12.14194 10.76387 8.921148 25.23551 16.99173 114.2154 287.8968 1747.971 22.64175 -9999 -9999 -9999
54.75495 4.001077 3.516472 5.061742 3.829054 2.989176 0.8544702 0.3553908 0.3553908 0.7770436 0.9383052 0.2537774 0.2537774 0.5163146 0.7126987 0.6831851 0.9018261 0.8680992 0.3582224 0.3865768 0.03056108 0.948028 11.8468 1.486606 0.2677692 0.2133543 0.9084218 0.789946 0.2958128 2.307237 7.391238 1.105181 34.39087 2.543945 0.7984775 0.4149477 0.1963701 1.276299 0.1131911 0.3359022 0.3646754 0.1666749 0.4899274 6.257664 2.093625 13.9931 2.255122 3.225324 0.6959199 1.151483 9.064701 4.233166 0.2349969 0.2804597 9.598189 19.73153 8.00011 22.95001 16.42052 17.07782 8.511802 10.15495 5.68612 15.92899 41.87796 72.69193 150.0976 22261.83 -9999 -9999 -9999 -9999
137.6188 13.45399 4.549742 6.811749 4.68143 2.663049 0.5016274 0.3553908 0.4533922 1.102228 0.816029 0.707229 0.6977385 0.8018326 0.4492371 0.6496601 0.6561348 0.3646525 0.3813627 0.5615867 1.02624 1.195619 1.218228 0.3264502 5.715128 2.532923 12.15943 0.2018427 12.22715 0.465376 0.7475004 20.58565 1.952643 3.030815 0.2665874 0.1313366 0.2531466 0.5187099 0.7244564 6.6973 1.141665 0.1725038 0.8447349 1.933297 2.206683 4.609311 3.588885 9.462281 0.5869209 3.112072 2.408177 1.996613 0.2109274 0.1885094 2.435767 6.329844 9.306078 5.982371 18.01947 12.45017 22.25866 13.64097 2.522657 57.45513 32.53722 57.44394 42.04156 -9999 -9999 -9999 -9999 -9999
16.92987 29.26406 11.28616 11.95231 18.69123 11.19539 2.394654 1.561846 3.52279 2.307312 2.190665 1.168588 0.780678 0.9715793 0.9456221 0.8861663 1.468536 0.6451664 0.6202615 0.7196203 1.172265 1.229161 1.229161 0.5058598 1.950945 0.400849 0.1958344 0.3365798 1.2075 1.190966 5.907918 6.98495 0.5594435 0.2734308 0.3248815 6.499475 0.2055406 1.954781 1.71317 8.662646 0.3792811 1.586605 0.809428 2.924908 4.801132 10.56637 1.418126 15.25253 2.58849 4.189093 7.009743 18.90773 0.2498406 0.1495595 5.687146 7.445311 11.87772 7.345485 40.25682 26.72221 25.63993 11.58612 10.89972 13.76771 46.14579 34.53635 148.3195 -9999 -9999 -9999 -9999 -9999
8.641073 15.73763 13.79307 24.03584 22.41303 10.70351 3.582644 1.9299 2.143023 7.337297 3.348586 1.606321 0.8963389 1.97986 24.29444 15.94824 5.311733 0.8035553 0.6584995 0.6252089 0.7352139 1.228016 1.229161 0.8869694 1.731616 0.368665 0.391478 0.3781506 13.58947 36.47133 2.088058 10.66358 1.005245 0.3324392 1.792785 0.3940333 1.116856 1.888983 2.787745 6.242008 0.1686796 3.317 5.688254 0.7965172 13.9705 16.70674 4.854699 1.117574 5.51183 1.711659 2.594968 4.920342 0.1424684 0.7374557 1.527576 8.478267 10.4259 2.11615 21.49723 12.58713 12.12695 11.79485 122.6278 36.0869 27.40069 153.9546 45.69611 -9999 -9999 -9999 -9999 -9999
2.186078 4.482331 11.34982 101.2945 33.60498 13.37377 11.16665 8.381512 5.120615 7.374486 3.355774 1.851477 0.9784516 1.077984 2.290157 1.509056 3.471135 1.778525 0.6612251 0.6252089 0.6257291 1.212882 1.226635 1.272659 2.595152 14.32016 4.648693 10.328 1.592453 10.49945 2.734411 5.002572 6.018373 1.495066 1.356676 0.8185197 0.3553483 0.391003 1.33613 0.6060002 0.1850138 2.13529 3.640844 2.973677 28.31888 26.44212 2.789333 8.102283 30.03884 5.798447 1.42007 1.441769 2.964336 2.421078 4.10439 26.49545 12.42898 4.803353 17.12711 14.0541 9.200316 13.45936 11.66646 34.05375 9.109022 25.45973 23.36784 -9999 -9999 -9999 -9999 -9999
6.237045 2.558646 5.170991 74.28307 78.81656 34.41146 25.29011 10.34849 77.70199 17.92148 4.695117 1.676797 1.02549 2.408833 2.757293 2.00756 2.221277 3.195151 1.97061 0.7733446 0.6851742 1.173016 1.229161 0.9647917 0.5214692 0.6497015 1.913083 18.895 3.640644 1.053788 1.953165 290.7459 24.94878 18.71882 11.68721 25.48222 0.905817 0.5382745 1.206874 27.21793 1.5552 2.905352 7.593107 8.126524 17.83121 20.78383 13.4654 629.9565 465.7834 40.00838 4.074675 10.47495 1.545359 3.723373 15.80446 20.39372 8.143067 36.87284 11.63295 17.25984 6.540349 20.31948 12.94787 19.69455 7.278225 7.596904 66.65659 -9999 -9999 -9999 -9999 -9999
215.1777 121.2287 4.983376 7.77868 30.44793 55.07597 69.15813 341.6189 78.34406 21.47136 5.816127 2.683656 2.663395 5.865651 8.286385 6.384793 5.240899 4.197533 4.478111 2.065197 0.83454 1.230654 1.229204 1.099036 1.01788 0.8480953 0.5177148 0.83177 26.38876 1.039656 9.24342 0.8949109 2.420458 0.5026972 87.29468 2.92542 5.285959 0.2561446 2.825404 3.809285 4.285949 12.89659 5.484513 7.787755 35.24509 51.26517 145.5543 147.9467 154.8987 4.06735 25.1826 2.935187 6.401735 9.439704 14.01316 20.12005 9.8867 10.2708 5.451343 15.90763 6.600342 15.18221 16.87829 7.004112 43.95028 61.25003 18.82014 -9999 -9999 -9999 -9999 -9999
20.67852 6.761657 6.1656 3.552118 4.456865 46.08866 22.01216 204.2718 21.18456 12.53325 4.557528 4.17866 5.94802 16.40909 11.53688 7.021632 5.932611 13.57249 9.668267 4.426813 2.01518 1.234051 1.006397 0.7310168 0.7064118 0.5676618 0.5676618 0.07582886 0.2183983 0.06228269 0.1195898 0.4678667 0.1382521 0.3078903 1.884429 6.298213 4.334603 0.5090858 1.273927 2.380327 6.34246 1.934435 1.758062 22.42688 32.30536 842.5365 24.81129 3.93501 17.65187 1.553418 2.340587 3.600815 2.100455 3.080477 7.057153 9.619004 143.0922 3.372073 8.71067 21.42451 11.59636 12.11595 9.184967 9.617452 16.59675 15.23872 6.349212 -9999 -9999 -9999 -9999 -9999
13.43969 13.02782 9.937486 3.123672 3.265738 4.969513 5.886238 14.33352 22.39724 12.66911 13.64803 419.4775 36.44893 8.661374 16.8363 10.5742 11.37683 90.13677 17.07357 5.418837 3.853286 1.67235 1.635363 1.675338 1.951967 0.5676617 0.5676617 0.247949 0.01680673 0.01511244 0.05132036 0.06267551 0.08365138 0.1795646 2.093816 2.567783 0.3320692 9.600434 2.031868 0.3728141 0.6118556 5.021366 1.521743 9.966714 11.81731 11.52315 4.202994 16.68467 0.808545 1.307567 30.13406 5.043805 1.811223 0.5416315 29.35848 7.126252 19.78263 2.80901 18.26525 14.12972 19.38315 17.44285 11.22996 14.2261 22.92686 18.60559 6.349213 -9999 -9999 -9999 -9999 -9999
-9999 58.76448 4.866762 38.04276 3.3395 1.081387 2.116246 4.40894 9.147562 98.04899 12.67073 46.53197 40.29636 9.438448 6.348986 7.677073 10.20446 333.4872 308.8148 3.302212 3.302212 2.882936 2.197083 2.195177 2.069635 0.5676618 0.5719955 0.5734761 0.6015475 0.04043197 0.07106616 0.0622008 0.06312659 0.1678022 7.735866 0.308933 0.4688489 5.160319 22.97455 1.512772 33.10754 1.998448 98.29808 9.762772 6.206697 21.25901 37.16056 7.688806 3.472207 3.28223 9.617129 12.98302 1.888887 0.3227478 13.86201 4.691303 1.40483 6.442681 22.73206 21.59741 42.65424 19.27377 6.749472 22.48372 73.85511 24.1303 9.80028 -9999 -9999 -9999 -9999 -9999
-9999 -9999 22.10932 77.38228 22.8798 0.2965192 1.220115 1.58135 3.140682 30.65275 30.17396 22.22953 12.28495 9.788832 6.404765 5.542687 9.684035 43.95352 15.36075 1.022618 1.467989 1.608452 1.597199 1.828058 2.00481 1.576132 0.6759481 0.933424 5.487155 0.1587335 0.08639614 0.05561811 0.06940683 0.1149377 7.260063 0.3856556 1.742771 0.4727043 4.129498 0.3610178 3.161161 2.285244 2.469269 19.73685 12.20902 54.74846 4.760177 5.176114 44.8403 9.84123 4.300465 8.091995 2.415985 12.75928 1.392587 10.53046 18.0778 12.00897 16.81461 12.65974 12.62611 12.0609 11.49942 19.68951 31.18061 7.424959 -9999 -9999 -9999 -9999 -9999 -9999
-9999 -9999 -9999 23.55776 15.19117 0.2865538 3.13697 7.883123 3.135768 3.822275 14.03913 23.60654 19.18056 69.42252 8.895231 4.76205 4.317337 3.637948 0.5358207 0.5357478 0.5357478 0.5357478 0.5357478 0.5357478 0.5855069 0.8973731 0.6950279 0.9675654 5.585549 0.1978457 0.1025741 0.08997449 0.08465603 0.1284152 12.00329 0.33047 0.9456243 6.442727 10.94535 0.5490955 1.498666 7.404138 12.14018 7.618209 9.190149 42.90415 15.0366 281.6146 11.82237 23.36039 61.76928 26.34458 2.860576 5.104925 6.228303 29.28827 6.116332 15.08844 28.84659 18.28696 101.0953 24.80158 34.57537 37.02992 84.31064 -9999 -9999 -9999 -9999 -9999 -9999 -9999
-9999 -9999 -9999 0.435659 0.3749203 0.3700573 1.241872 4.215733 3.140071 3.127632 6.051409 9.29997 53.11975 46.68461 13.86819 7.418968 3.648726 1.449915 0.5357477 0.5357477 0.5357477 0.5357477 0.5111794 0.4062555 0.3553434 0.4450369 1.700258 1.825999 43.62143 0.6769042 0.1020665 0.07201459 0.0823756 0.3429586 10.85129 0.7166806 0.5241948 1.200547 0.6802893 0.4743308 8.801464 1.171451 4.277533 1.629251 2.109537 2.841135 8.95116 2.82578 14.44417 7.822747 13.20782 22.14417 9.346359 15.95605 14.53633 108.8966 9.031185 14.05412 125.1286 42.71029 15.12721 21.51809 34.02181 79.69436 4.655667 -9999 -9999 -9999 -9999 -9999 -9999 -9999
-9999 -9999 -9999 0.381312 0.3724823 0.5064197 3.048446 0.9915749 2.625939 4.601871 3.431088 4.905882 51.28535 11.65791 8.686064 6.531477 5.372876 5.059223 0.5357477 0.5357477 0.3129052 0.1228559 0.07048731 0.06881421 0.06881421 0.06881421 0.2101504 1.008143 0.2804922 0.1885164 0.1621916 0.1441366 0.1871867 1.035017 3.144799 6.47322 0.4271223 0.3945436 0.2955373 0.4197045 2.115957 14.16851 8.128429 21.24207 8.135092 11.32422 6.706402 13.14983 125.1224 9.525872 40.07512 8.888429 9.732615 38.2944 102.0352 734.7985 971.0994 109.9621 74.26775 64.30406 20.23176 22.49634 58.59904 57.00982 10.82479 -9999 -9999 -9999 -9999 -9999 -9999 -9999
-9999 -9999 -9999 96.29185 18.2584 3.674688 3.804085 0.9257068 1.207488 4.981542 3.577713 2.031958 5.959071 7.883496 8.979657 5.990057 8.440151 4.937651 1.211692 0.5342369 0.380078 0.2881844 0.1532341 0.09031138 0.1167614 0.1770777 0.1704518 0.2036625 0.09011547 0.2952991 0.7570081 10.16018 20.72328 2.078182 213.4438 2.122569 6.247365 0.4622224 5.1807 0.4875785 0.4943389 25.24995 49.73992 41.81894 43.29162 22.87659 30.67664 29.64443 39.00523 39.53331 3.151851 4.241045 62.76402 41.28007 138.0387 165.208 59.86271 42.30321 44.15274 72.80756 56.01701 39.32436 34.10175 1231.24 -9999 -9999 -9999 -9999 -9999 -9999 -9999 -9999
-9999 -9999 -9999 81.85242 5.175174 3.486665 5.294865 0.514962 0.9066521 0.990582 3.239784 5.139946 5.867542 6.787868 10.40215 4.761898 2.196087 0.9708905 0.9153019 0.6430056 0.3943859 0.3943859 0.4212953 1.252517 0.5037839 0.2161031 0.2161031 0.2119977 0.1675588 0.2011508 2.687869 1.299339 2.666672 6.326663 130.3501 1.062901 0.915074 0.819671 0.3836167 0.9629301 50.24299 39.58963 11.98893 18.09513 47.71339 207.1674 88.42303 47.73655 73.40662 119.3969 79.01842 22.62072 16.75098 30.32189 36.38982 20.25826 97.07711 28.72174 66.19199 45.47877 45.40966 104.5403 80.92199 372.2653 -9999 -9999 -9999 -9999 -9999 -9999 -9999 -9999
-9999 -9999 -9999 85.01098 22.91796 1.54032 6.843198 0.3044775 0.8843601 0.9681153 0.838354 4.5546 7.29732 5.373137 27.57296 14.67473 4.943024 4.837865 4.83791 1.957909 0.3943859 0.3943859 0.4532364 1.323881 0.8730961 0.3082999 0.3820263 0.503747 0.2801636 0.2338387 1.543937 17.21469 4.14999 1.487953 5.827096 7.606335 0.4975527 0.4366899 1.957359 3.28647 35.72935 21.01897 24.54857 156.2204 36.61762 46.69012 93.30655 130.2936 338.0049 48.21832 59.64442 31.82247 79.60453 52.66386 36.59769 50.37743 85.6836 33.76792 107.2887 65.54408 70.05973 27.71849 129.9735 -9999 -9999 -9999 -9999 -9999 -9999 -9999 -9999 -9999
-9999 -9999 -9999 4.244122 1.585381 0.1878358 8.822646 3.455127 0.702639 0.6625947 0.4254919 4.605596 13.87436 6.336342 41.55061 26.99834 12.45695 22.36569 8.201777 0.6072786 0.3943859 0.3943859 0.4468111 1.302714 0.5763993 0.3884839 0.527172 0.776243 4.622269 0.5559061 0.6897964 1.073148 1.408538 16.31645 13.92482 2.295166 1.588882 2.949055 1.091061 26.60269 27.86852 46.15632 50.53595 21.10452 56.62922 27.38346 48.16229 149.4563 48.2238 69.87042 141.6025 28.43337 52.47422 101.8271 26.60014 12.36864 14.29074 231.651 46.33206 45.79823 22.11199 203.0281 98.49402 -9999 -9999 -9999 -9999 -9999 -9999 -9999 -9999 -9999
