Data/gpw-v4-population-density-adjusted-to-2015-unwpp-country-totals-rev11_2020_30_min_asc/gpw_v4_population_density_adjusted_to_2015_unwpp_country_totals_rev11_2020_30_min.asc
ncols         720
nrows         360
xllcorner     -180
yllcorner     -90
cellsize      0.50000000000003
NODATA_value  -9999
[rows 64 to 95 of 360, columns 432 to 503 of 720]
8.278508 10.05174 8.724746 8.709791 11.22989 123.6765 17.73492 366.3984 17.79409 159.4157 40.95826 10.55617 6.597189 6.044081 3.452057 3.208022 3.143005 4.192523 5.70338 8.114148 12.72931 12.4727 7.889463 4.963302 4.826236 7.333033 7.229291 7.121681 5.023389 3.236675 3.718389 4.807802 7.218315 10.03615 14.46001 11.05576 10.49346 11.19567 27.90235 237.2936 205.0029 93.35704 11.05157 13.18322 14.41964 46.78806 66.3231 59.05119 23.57227 15.07619 25.02308 14.84384 9.584146 12.46352 21.38061 5.338753 4.944667 5.656459 4.84045 4.202328 3.519043 3.73455 3.921974 2.138588 1.459791 1.394902 1.37492 1.374919 1.398935 1.629006 1.646859 1.600053
5.327687 8.327415 23.93749 12.98193 13.92516 10.98936 15.89599 19.46518 17.88955 116.1973 75.89317 47.34688 64.06154 15.9885 8.556395 7.746243 9.090499 8.791309 9.863355 10.76002 8.801944 6.647858 5.543774 8.886501 10.64839 12.19552 12.00477 7.827422 6.980375 3.999185 5.67221 7.029407 10.64658 14.46569 14.23237 45.65253 29.91789 7.725261 12.66481 17.21816 14.56611 33.14925 22.94814 9.399652 5.350523 6.096335 25.18258 72.16872 63.40195 49.65962 46.89074 49.78828 24.48256 8.425435 8.838218 8.706597 7.12494 9.064201 168.5442 274.196 13.93727 4.166859 3.656108 3.314134 2.19401 2.12626 2.28508 1.74719 1.804192 2.390851 1.818817 1.046167
35.53922 33.36396 99.09534 45.66394 60.38504 57.82275 24.12508 12.97591 15.18277 92.12551 118.8897 17.06478 12.3028 11.98939 39.27766 48.08875 17.9198 13.89762 7.517172 5.4131 6.035072 5.851902 11.44229 130.5348 56.50138 17.81206 18.70683 15.06695 13.99651 7.820001 6.478245 10.24999 14.37623 24.36615 388.5676 32.57799 41.79335 22.11208 9.275023 12.73413 16.40886 8.410215 9.712114 29.06612 8.256294 9.983253 18.25113 52.63241 385.7423 507.1321 51.76957 34.78283 26.75615 27.32516 10.11555 10.16056 7.892487 5.501107 15.43399 17.18932 33.5885 11.74526 6.954221 4.987526 5.771487 4.979016 4.37419 4.016639 3.55641 3.466757 3.192712 1.512074
53.30187 89.2598 175.3078 214.8727 180.9938 46.24429 40.75984 31.78468 147.5508 93.92545 98.32864 27.1206 27.53901 39.48657 133.7671 690.5682 201.7828 33.28793 18.02174 10.17052 14.52868 36.666 335.2622 63.14037 18.48051 23.86186 22.39197 26.80669 30.25138 28.32514 41.15417 10.14339 44.14348 22.61309 16.50935 64.40971 98.05245 19.89713 17.32118 16.59749 16.41471 8.57933 8.287341 9.400716 11.50074 11.02262 8.502182 20.00357 33.66475 47.71298 15.62306 100.3434 20.70187 7.766547 7.097034 45.95242 5.962924 6.071224 6.620222 7.180777 8.65048 12.55764 7.395159 6.27896 6.624194 6.505377 32.65623 20.22211 5.222348 4.646977 3.11904 3.144515
51.27848 194.4006 2161.927 6822.777 563.5886 200.5036 87.86557 46.79391 28.46258 46.05048 14.32802 37.70487 62.72349 24.34138 31.45552 25.58753 26.7838 22.191 17.2918 16.97371 31.33758 32.65847 48.95723 51.0337 102.0741 163.4429 627.8282 22.93088 18.34969 20.11793 20.14395 80.07549 339.6062 54.39698 17.85778 26.86069 22.82902 25.8045 18.99438 14.95717 12.31853 7.99847 8.199528 9.57415 13.10793 7.769029 5.984156 9.705212 30.35378 83.53805 14.23339 10.92619 10.70847 8.133651 7.717606 5.824004 8.345471 9.768682 16.52127 6.409235 5.497747 4.13103 3.947288 3.506639 4.290126 5.603864 7.521165 5.709948 3.650703 4.002519 3.823499 3.769423
69.66135 132.8307 143.8148 314.7594 147.9209 201.5967 61.8468 34.49125 12.1051 8.757719 11.9197 17.91255 42.5332 31.86155 15.32568 74.85534 18.19492 14.06962 14.13638 13.84271 22.54186 17.47701 35.72326 33.91203 22.12469 18.06311 20.61563 17.29494 22.77203 39.42217 66.23631 92.2987 37.69093 27.82236 18.02338 15.43935 17.27391 24.57848 28.1965 27.48163 20.43804 10.20802 14.19903 18.42681 16.51553 19.37501 37.95416 66.11662 59.09022 17.46978 613.4815 160.6647 8.984347 7.556242 8.886897 5.771721 6.864716 10.46617 153.5779 30.06631 5.28997 5.034548 5.02452 5.637032 5.318047 17.50509 31.56196 23.16711 5.524303 3.911645 10.04114 8.19684
160.7096 26.83238 135.2323 46.60376 71.24482 49.89833 37.70797 302.6134 15.80861 9.760313 30.35204 7.518897 8.363935 12.40319 58.88449 12.39046 14.67569 14.79801 15.2009 17.54779 18.96545 29.46763 18.03418 23.91685 25.74826 17.18824 11.28206 12.18748 20.02078 24.15833 16.12234 42.36921 64.42733 58.55791 49.63122 45.43231 26.10882 16.83296 22.8519 200.4931 470.341 15.73065 15.43826 13.07865 25.40816 28.00965 46.85595 37.85363 42.65973 11.75242 93.80196 28.76523 6.594751 5.162129 4.734983 4.87607 7.197273 7.282499 5.485183 3.920556 3.52883 3.526941 3.438287 3.800454 4.678858 28.34943 31.54457 10.12192 3.534431 3.52558 12.34317 11.61016
70.92155 20.61764 51.79076 297.2492 74.8831 49.34371 16.2657 22.40365 14.44393 12.87468 10.39381 22.84791 11.98325 18.54877 15.21049 19.18397 14.93954 32.00292 192.9321 22.29806 15.40357 13.13471 12.32102 14.36327 333.1907 120.1026 27.90163 63.35964 15.01407 17.87729 13.75307 12.27955 18.07815 29.89882 52.24605 48.35515 49.6724 22.78296 24.06935 24.61565 24.27797 9.455132 9.070774 17.54245 9.459045 11.47847 15.26529 11.97281 12.05994 19.34689 36.54947 28.03915 10.71711 4.718206 4.235017 4.201578 4.591153 4.296696 3.295524 2.82891 2.520718 2.314124 2.665795 3.614399 4.910951 11.55267 3.733418 3.604212 3.547637 3.524426 5.209785 5.658117
16.77985 10.21464 41.23139 43.0145 86.12601 26.37647 14.88264 31.92875 18.46444 9.360911 8.637902 10.56908 11.77402 14.44762 15.46766 17.65203 15.2688 17.44857 13.57172 13.42553 14.0328 14.22024 15.84363 10.59408 10.83729 16.7676 330.5541 82.60448 40.87954 18.42842 17.7499 12.49817 51.81659 6.966502 11.18554 15.1547 16.81714 15.75864 16.49733 139.7424 45.24892 17.69469 11.42155 9.238121 9.774232 23.10757 17.979 7.951807 8.430658 9.032196 5.180489 4.78098 3.300956 3.227083 10.86617 27.26986 6.18687 3.625002 2.920257 3.050884 2.372633 2.098927 3.156737 3.610546 3.90612 5.698935 8.057541 9.868054 3.551359 3.545574 2.247076 1.70901
39.31057 32.08149 10.56852 13.39011 27.3841 20.23976 19.61141 19.26684 23.41893 14.35019 12.1589 32.73592 10.60253 13.09788 12.89256 20.77304 20.25212 127.4148 224.0216 22.34943 14.00429 61.64295 13.22694 13.37236 102.1629 42.5362 131.7462 202.1365 602.9476 48.72181 44.02615 14.66742 9.055331 7.803635 7.377724 7.297722 8.003044 9.68043 11.89582 106.5262 24.7748 20.96376 4.906514 5.007519 10.04634 86.68237 135.8536 9.23558 9.18422 13.23597 6.057281 4.689898 3.470019 21.30517 50.93825 51.30175 21.70173 2.455101 2.784621 3.056698 2.941156 2.822464 3.304167 3.522323 3.566731 12.60774 23.95007 22.34531 12.22488 7.576895 1.436909 1.40589
149.4837 11.51601 12.42962 12.27561 39.51804 52.40601 69.57439 253.7502 45.7455 36.54776 174.3925 54.57203 11.84177 21.69093 12.56419 18.80111 23.30729 15.12897 12.36404 10.81155 11.70324 15.09224 14.48032 11.39749 13.90946 13.8296 13.68147 50.46821 18.2622 18.93105 13.30425 8.563227 48.65794 7.935135 6.378891 6.686159 5.088332 5.513075 8.244902 49.19671 13.79387 10.08491 3.723499 6.768503 10.42908 42.67221 5.744172 6.166777 7.696678 6.919518 2.832654 2.753251 7.001531 8.643891 22.99904 28.72658 8.019347 2.624788 1.830587 1.810257 2.837551 3.148253 3.16261 3.355999 3.471623 6.504442 19.42376 16.95548 11.04218 3.626277 1.282363 1.376693
16.86026 12.61294 12.82632 39.71775 18.69688 22.66181 25.44013 35.47395 25.83311 14.06161 14.36087 12.78253 14.62013 11.38938 14.92539 21.87303 17.69571 9.718081 16.18634 13.11476 11.82492 14.52863 27.9879 26.32616 29.95153 11.5527 9.072285 7.302633 7.569447 7.470926 6.761448 5.405651 7.980375 8.46376 19.83228 6.979803 8.124674 8.902864 9.516278 10.37129 9.55906 8.593606 3.576837 4.808822 8.316533 9.820695 3.828768 3.669796 5.246863 5.742074 5.901806 2.651506 2.203655 7.892676 6.707917 3.848806 3.848796 3.004189 1.829545 1.834685 2.536984 2.719037 2.514037 1.999764 2.770404 2.826074 2.926059 6.342096 5.593183 3.967931 2.242423 2.204284
220.5763 21.01345 13.10714 13.98596 17.59002 33.55096 547.0997 35.69809 20.46614 17.31926 16.53441 17.47776 25.59242 17.73083 25.05962 17.38742 8.120269 12.0112 13.7952 244.9903 157.9057 18.92512 28.91189 54.35026 28.38112 8.251115 12.5369 6.136723 3.983497 17.26738 13.48711 11.34161 18.69286 6.995572 6.938584 7.07639 9.292044 11.49315 253.5455 43.48248 9.723234 8.813184 7.996487 8.545369 8.604746 23.70428 5.772219 3.675497 4.413749 5.622539 6.088037 1.519339 0.8454121 1.286813 2.431795 2.297932 1.397234 1.055575 1.711803 2.14894 2.367357 2.102446 1.592392 1.428919 3.161172 3.979627 3.757721 3.79391 4.139535 4.377981 4.231831 25.6664
22.59419 16.59301 52.28384 90.05973 81.42461 19.62699 54.67631 31.69254 22.00452 22.16208 18.42621 17.47414 34.74263 26.92159 18.01852 10.20902 10.19237 10.59065 13.17522 126.1499 83.79834 37.58351 12.25355 8.329817 9.424683 5.517665 4.597023 4.589367 10.80363 36.74387 37.7146 16.12293 8.050696 10.9512 10.49254 4.060349 8.103327 10.68793 9.228429 5.016051 4.59279 5.019033 7.611799 17.55164 80.11992 86.15597 12.93581 8.744395 4.921376 3.042178 2.865723 0.9200988 0.8161664 0.8454121 0.6601162 0.6137186 0.6137187 0.6127682 1.077181 1.210083 0.9852033 0.84797 1.244155 1.424064 3.379907 3.272018 2.166253 2.796848 3.023126 123.6516 134.525 120.1284
76.36214 205.3059 36.66453 30.16045 25.18115 31.7644 31.1438 31.4622 27.99614 24.92723 16.67421 13.67619 24.48261 10.51434 8.963224 10.88004 8.567227 13.08699 14.65449 12.70844 11.18848 10.36142 8.707292 7.301493 7.273312 5.041485 4.159603 4.372401 4.084922 18.111 13.51835 1.623719 1.31975 4.682649 5.853729 1.905962 3.026507 5.271685 3.51444 4.045329 4.604571 4.719076 25.62354 7.3263 3.066369 3.480478 3.9219 3.812887 2.300817 1.707464 1.436466 0.5325378 0.5507003 0.4868264 0.4315203 0.4083717 0.4495165 0.5553881 0.4863807 0.5493289 0.6116999 1.046296 0.9497149 1.063291 2.876933 2.391994 0.9124795 0.8697374 0.8355247 57.60902 146.4927 59.73798
413.3623 57.44885 29.05224 29.419 30.81116 24.16671 25.90703 31.39706 22.91908 18.54476 18.4625 7.214298 8.096707 9.213923 39.73371 5.911082 5.950446 12.09385 73.29805 10.47943 7.347418 4.452785 3.933029 3.527549 6.550358 3.758105 1.543284 2.816469 1.531307 1.396393 1.593958 1.569505 1.227834 1.194315 1.205967 1.43829 1.531648 1.020377 1.014509 1.023106 3.696036 33.42926 172.9323 71.14562 2.876064 2.875788 2.838298 1.743603 0.5628662 0.5325378 0.5325378 0.5325378 0.5325378 0.3995827 0.3214352 0.3214352 0.3373512 0.4786852 0.4863807 0.7759296 1.56969 2.275081 2.151483 1.753711 0.7802713 0.3948672 0.6219605 0.5760975 0.6894415 2.485718 6.600537 0.9780455
452.4016 58.50934 22.58579 45.07546 15.6294 14.3725 22.22001 17.4411 17.03436 14.24566 8.091123 10.0706 7.461159 6.5539 5.793147 24.02311 5.629949 6.876546 9.851462 8.109197 5.20746 3.194582 1.999174 1.656478 2.37836 2.0574 1.501914 1.477518 1.359593 1.285244 1.397723 1.396393 1.323346 1.235577 1.332025 1.3841 1.433008 1.329072 1.298203 1.262655 3.157465 4.464584 4.04872 3.865315 3.026278 2.50046 2.552205 0.8458367 0.5325378 0.5195923 0.4969737 0.5325378 0.5159432 0.3741293 0.3214352 0.3214352 0.3214352 0.3661976 0.4863807 0.7853733 1.163108 1.979789 2.061089 0.8684013 0.3809613 0.3809614 0.3809614 0.3809614 0.3826713 0.3809613 0.3809614 2.909077
28.87679 30.05476 39.75639 18.57349 45.3384 21.59127 18.92234 14.31559 16.35794 15.37611 8.288741 8.188571 5.791385 5.145204 5.868941 8.546405 10.96321 11.2793 13.45546 5.656637 3.531853 3.181623 1.668944 1.541729 1.315751 1.149298 1.339347 1.374833 1.147769 1.145428 1.298879 1.396393 1.396393 1.384229 1.37473 1.451368 1.562025 1.566429 2.169691 2.569407 2.686489 2.444534 2.33217 2.110446 2.110446 2.110446 1.713988 0.5623716 0.4767517 0.3652481 0.3408142 0.3781736 0.3610741 0.3214352 0.3214352 0.3214352 0.3217272 0.3659409 0.4758994 0.4863807 0.6069225 1.070085 1.310647 1.29332 0.5802882 0.3924616 0.3809614 0.3809614 0.3809613 0.4968482 0.4993387 4.46249
53.52231 21.14578 72.40945 225.2306 134.2389 154.3702 227.3479 19.45877 15.95315 15.22247 12.73233 7.292879 7.812253 9.605862 12.03619 16.3748 330.766 379.2917 15.44891 8.875894 10.54305 2.44504 0.8092604 0.8092604 0.8092604 0.8092605 1.050656 1.143961 1.143961 1.14715 1.732532 1.663671 1.396393 1.357754 1.325529 1.322234 1.454244 1.239577 1.154377 0.8982953 0.7635009 2.467173 2.476519 2.110446 2.110224 1.506865 1.574956 0.6975411 0.4217398 0.3403743 0.3403742 0.3403742 0.3403599 0.336173 0.3263757 0.3215403 0.3494932 0.9512374 1.078143 1.145178 1.303638 1.310647 1.310647 1.310647 1.310647 1.123554 0.7454893 0.4674564 0.5803968 0.6986317 0.7452279 0.7452279
32.48291 22.13202 138.9233 285.0445 345.6285 210.6109 120.7902 141.8031 95.53649 32.82427 20.10817 16.10521 8.317688 8.062012 8.934072 10.66642 20.10079 38.09289 4.935492 7.075707 11.7457 9.878903 2.945151 1.649421 1.332914 1.14211 1.151278 1.190675 1.836682 2.580264 2.848751 2.842933 2.749562 1.913409 1.322234 1.322234 1.322234 1.035016 0.329056 0.329056 0.329056 0.609359 1.749902 2.110446 1.87108 0.708544 0.8215234 0.7077878 0.6871557 0.580521 0.540638 0.3567265 0.3403742 0.3403742 0.3403742 0.3388374 1.021912 1.30838 1.310647 1.310647 1.310647 1.310647 1.310647 1.310647 1.310647 1.310647 1.310495 1.048354 0.7462772 0.7452279 0.7452279 0.7447445
21.97148 24.31304 50.32029 335.5984 122.3873 26.27881 19.17181 69.7376 151.1536 32.88437 18.80727 17.50489 114.4517 9.245674 11.56677 7.25468 4.152495 3.180626 2.685522 3.262604 5.772446 9.365596 5.178657 4.225849 3.395613 2.755609 2.655256 2.151236 1.956772 2.296811 3.040626 3.322737 3.39784 1.800366 2.658978 2.571173 1.928026 2.09854 0.5262332 0.329056 0.329056 0.329056 0.4008428 0.7906595 0.9478089 0.7077878 0.7077878 0.7077878 0.7077878 0.7077879 1.059692 1.224379 0.4140874 0.3403742 0.3403742 0.5634305 1.170549 1.310647 1.310647 1.310647 1.310647 1.310647 1.310647 1.310647 1.310647 1.310647 1.034419 0.8444393 0.7452279 0.7452279 0.7413369 0.7274396
20.15972 16.61561 56.33475 261.4334 32.23458 244.3719 133.3148 589.8141 115.2517 27.01144 22.70672 18.55919 25.72599 6.703231 6.455763 3.833262 3.001364 1.789718 1.964625 1.798995 1.689405 3.559275 5.16969 5.599664 6.092026 4.01326 2.755609 2.357248 1.937137 1.937137 2.565837 18.09135 54.92032 5.47324 6.110609 3.751516 2.754739 2.736967 0.4744681 0.329056 0.329056 0.329056 0.329056 0.4573304 0.7077878 0.7077878 0.7077878 0.7077878 0.7364568 0.9903848 1.736547 1.76976 1.606379 0.9096554 1.089187 1.310576 1.310647 1.310647 1.310647 1.310647 1.310647 1.310647 1.310647 1.310647 1.310647 1.296496 0.8913773 0.7452279 0.745228 0.7452279 0.6996874 0.5873194
20.94224 136.1928 28.56622 77.16669 72.20365 33.2696 33.81634 28.42866 22.61301 20.49427 23.7354 17.64623 12.20013 9.070807 5.713578 4.225973 3.723706 3.107826 1.494677 1.37348 1.363893 1.854466 5.838505 6.974105 7.141803 5.210694 2.756862 2.601505 1.937137 1.937137 2.059463 91.1765 97.68069 35.58798 2.754739 2.754738 2.754738 2.754739 1.972713 0.7535275 0.355955 0.329056 0.329056 0.498624 0.7077878 0.7077878 0.7077879 1.008319 1.480918 1.76976 1.76976 1.76976 1.883668 2.056089 4.415289 3.437569 1.356948 1.328305 1.310074 1.310647 1.310647 1.310647 1.310647 1.310647 1.310647 1.008266 0.7452279 0.7452279 0.7452279 0.7452279 0.6887322 0.5873194
22.43557 -9999 -9999 72.76588 63.15363 46.1537 47.81045 35.87331 30.43703 20.49259 19.61607 24.83637 12.82086 9.272095 5.601464 4.455466 51.01331 2.294499 1.299163 1.297221 1.631579 6.762067 10.2299 106.4688 208.3882 16.59264 8.873459 2.755609 -9999 -9999 -9999 -9999 -9999 2.754738 2.754739 2.734717 2.664374 2.636986 2.607459 2.627901 2.08237 0.3315971 0.329056 0.3826698 0.6809164 0.7077878 1.115858 1.755838 1.76976 1.76976 1.76976 1.776 2.019812 2.056301 4.600286 5.605423 2.648995 1.366119 1.251723 1.275147 1.288841 1.30083 1.306089 1.310647 1.310647 1.215167 0.7580343 0.7452279 0.7452279 0.7452279 0.6949201 0.5873193
-9999 -9999 -9999 53.72413 39.26084 48.22193 51.98899 42.24099 66.96841 44.47476 24.6634 23.77514 17.97885 17.64598 12.30506 9.579612 7.138608 1.817641 1.576186 1.2592 1.856228 5.634281 6.06462 23.3452 18.25928 17.63692 17.43483 -9999 -9999 -9999 -9999 -9999 -9999 2.490697 2.643788 2.588347 2.562587 2.562587 2.562587 2.562587 2.562587 0.6858776 0.329056 0.4796279 1.011331 1.138259 1.726885 1.76976 1.76976 1.76976 1.835906 1.98508 2.056302 2.278388 5.63093 5.747687 4.650966 1.354466 1.240148 1.240148 1.240148 1.324418 1.457283 1.445293 1.443901 1.442118 1.292778 1.091469 1.092072 1.094812 1.097519 0.6771986
93.00539 126.0815 115.9075 79.32587 61.97981 239.3844 291.7123 67.00845 63.77524 81.38175 60.43623 170.8879 84.40788 28.06938 20.95979 18.00186 9.208547 8.033458 5.548653 1.892691 1.300359 3.106189 4.617464 5.511325 -9999 -9999 -9999 -9999 3.498463 -9999 3.198852 3.469309 0.8671826 0.749499 1.193824 1.808744 2.502026 2.562587 2.562587 2.562597 3.615035 4.906913 6.866134 9.364411 11.34045 9.761079 6.752869 0 1.76976 1.76976 1.831003 2.056301 2.056301 2.844449 5.701208 5.747687 4.694751 1.335996 41.37199 3.402362 1.534976 2.136447 2.284562 1.52148 1.459949 1.459949 1.457574 1.191381 1.140425 1.140425 1.140425 0.6550134
-9999 -9999 202.4656 238.1775 66.06673 67.34858 57.19986 86.72417 78.60408 58.92431 109.4316 113.1929 35.64643 24.44617 22.69011 21.18784 47.16569 12.51622 15.43449 10.69095 3.966433 8.597274 4.617464 -9999 -9999 -9999 -9999 3.498463 3.498463 3.498464 2.467634 1.502778 0.7686309 0.746453 0.7464531 0.746453 1.094519 1.798854 2.185811 2.540865 11.61846 11.61846 11.61846 11.61846 11.61846 11.61846 11.61846 0 1.76976 1.795043 1.995406 2.056302 2.056302 3.676142 5.747687 2.729999 1.754655 1.317267 35.80379 54.75954 2.559641 2.563213 2.563213 1.707163 1.459949 1.459949 1.459949 1.314893 1.140425 1.103361 0.7663662 0.6201937
-9999 -9999 -9999 -9999 77.08328 59.31351 59.70016 39.63235 17.66938 27.65762 31.86804 47.94717 106.0922 128.0166 210.7716 43.50751 23.47968 14.83066 13.47652 3.074378 4.935329 17.10743 25.76083 -9999 -9999 -9999 -9999 -9999 3.498464 3.498338 2.37625 0.7728394 0.746453 0.746453 0.746453 0.746453 1.740837 2.62406 0.746453 0.8273672 11.61846 11.61846 11.61846 11.61846 11.61846 11.61846 11.61846 11.61846 11.58742 8.149024 3.886959 2.056301 2.167596 5.441586 5.35182 1.419006 1.40673 1.305164 1.312589 2.080931 2.563213 2.628633 3.673015 3.025584 1.531189 1.459949 1.459949 1.386764 1.147679 3.355413 2.713026 1.01941
-9999 -9999 -9999 -9999 -9999 -9999 123.7898 114.1965 71.25626 20.40553 14.72929 41.94833 29.84752 93.57228 40.49669 119.9381 67.86044 42.55002 40.94746 35.06362 19.44065 48.4282 21.97151 806.495 -9999 -9999 -9999 -9999 -9999 3.498463 119.342 4.496205 1.0665 1.020968 1.88433 2.505306 3.316846 3.781254 2.713136 1.773195 11.61846 11.61846 11.61846 11.61846 11.61846 11.61846 11.61846 11.61846 11.61846 11.61846 11.53783 6.233044 4.118311 6.169914 5.848457 3.291621 2.896334 3.733664 3.747863 2.563213 2.563213 3.283818 4.47659 7.538426 36.95153 26.51575 3.547363 1.297497 1.172601 3.960891 4.209183 39.20497
-9999 -9999 -9999 -9999 -9999 -9999 -9999 123.7898 42.21397 41.67015 32.96393 11.0554 7.819956 16.83241 28.84049 113.7281 60.56135 183.1317 141.0221 259.0378 178.363 197.4669 139.3031 1281.214 -9999 -9999 -9999 -9999 -9999 -9999 307.7346 17.44355 3.760803 3.870842 3.881053 3.881053 3.881053 3.881053 3.881052 3.893589 11.61846 11.61846 11.61846 11.61846 11.61846 11.61846 11.61846 11.61846 11.61846 11.61846 11.61846 11.61784 9.989659 8.09136 8.09136 8.09136 8.09136 8.09136 7.933663 4.133687 2.697323 4.218048 4.47647 16.09795 46.38431 45.89117 8.709003 5.02538 4.140373 33.44721 54.81881 33.50368
-9999 -9999 -9999 -9999 -9999 -9999 -9999 -9999 -9999 173.7396 15.82932 44.78192 22.0631 8.005886 5.412862 10.40629 22.70722 129.9728 40.2915 22.18435 67.73988 58.29209 146.1932 396.4422 -9999 -9999 -9999 -9999 -9999 -9999 -9999 3.881052 3.881052 3.881053 3.881053 3.881053 3.881053 3.881053 3.881053 3.887878 11.61846 11.61846 11.61846 11.61846 12.46536 13.06484 11.68776 11.61846 11.61846 11.61846 11.61846 11.58099 8.959297 8.09136 8.09136 8.09136 8.09136 8.09136 8.09136 7.620435 4.291892 3.971357 3.160919 2.890076 3.629294 11.51895 28.57408 46.46687 28.49763 21.76272 55.43668 38.15591
-9999 -9999 -9999 -9999 -9999 -9999 -9999 -9999 -9999 -9999 -9999 92.83094 65.26235 120.1086 48.15634 32.44143 24.19288 7.074103 15.84493 22.93163 23.51103 28.34041 68.89518 68.3107 407.3121 -9999 -9999 -9999 -9999 -9999 -9999 -9999 3.881053 3.896776 3.952424 4.022854 4.05085 3.923723 3.881052 3.882542 11.61825 11.61846 11.61846 13.63081 16.08591 16.443 15.61391 14.24958 11.68576 11.61846 11.61846 10.87016 8.09136 8.09136 8.09136 8.091359 8.09136 8.09136 8.09136 8.09136 3.511806 3.508595 5.826303 7.127853 8.264001 11.38289 123.6011 460.4812 64.20901 78.73277 40.15841 15.74734
