Data/gpw-v4-population-density-adjusted-to-2015-unwpp-country-totals-rev11_2020_30_min_asc/gpw_v4_population_density_adjusted_to_2015_unwpp_country_totals_rev11_2020_30_min.asc
ncols         720
nrows         360
xllcorner     -180
yllcorner     -90
cellsize      0.50000000000003
NODATA_value  -9999
[rows 32 to 63 of 360, columns 504 to 575 of 720]
-9999 -9999 -9999 -9999 -9999 -9999 -9999 0.8974558 0.8974558 -9999 -9999 -9999 -9999 -9999 -9999 -9999 0.04289765 0.04289765 0.04289765 0.04289765 0.04289765 0.04289765 0.04289766 0.04289765 0.04289765 0.04289765 0.04289765 0.04289765 0.04289765 0.04289765 0.04289765 0.04289765 0.04289765 0.04289765 0.04289765 0.04289765 0.04289765 0.04289765 0.04289765 0.04289765 0.04289765 0.04289765 0.04289765 0.04289765 0.04289765 0.04289765 0.04289765 0.04289765 0.04289765 0.04289765 0.04289766 0.04289766 0.04289765 0.04289765 0.04289765 0.04289765 0.04289765 0.04289765 0.04289765 0.04289765 0.04289765 0.04289765 0.04289765 0.04289765 0.04289765 0.04289765 0.04289765 0.04289765 0.04289765 0.04289765 0.04289765 0.04289765
-9999 -9999 -9999 -9999 0.8974558 0.8974558 0.8974558 0.8974557 0.8974558 0.8974557 -9999 -9999 -9999 0.04289765 0.04289765 -9999 0.04289764 0.04289765 0.04289765 0.04289766 0.04289765 0.04289765 0.04289765 0.04289766 0.04289765 0.04289765 0.04289765 0.04289765 0.04289766 0.04289765 0.04289765 0.04289765 0.04289765 0.04289765 0.04289765 0.04289766 0.04289765 0.04289765 0.04289765 0.04289765 0.04289765 0.04289765 0.04289765 0.04289765 0.04289765 0.04289765 0.04289765 0.04289765 0.04289765 0.04289765 0.04289765 0.04289765 0.04289765 0.04289765 0.04289765 0.04289765 0.04289765 0.04289765 0.04289765 0.04289765 0.04289765 0.04289765 0.04289765 0.04289765 0.04289765 0.04289765 0.04289765 0.04289765 0.04289765 0.04289765 0.04289766 0.04289765
0.8974558 0.8974557 -9999 -9999 0.8974558 0.8974557 0.8974558 0.8974558 -9999 -9999 0.8974558 0.8974558 0.8974557 0.04289765 0.04289765 0.04289765 -9999 0.04289765 0.04289765 0.04289765 0.04289765 0.04289765 0.04289765 0.04289765 0.04289765 0.04289765 0.04289765 0.04289765 0.04289765 0.04289765 0.04289765 0.04289765 0.04289765 0.04289765 0.04289765 0.04289765 0.04289765 0.04289765 0.04289766 0.04289765 0.04289765 0.04289765 0.04289765 0.04289766 0.04289765 0.04289765 0.04289765 0.04289765 0.04289765 0.04289765 0.04289765 0.04289765 0.04289765 0.04289765 0.04289765 0.04289765 0.04289765 0.04289765 0.04289765 0.04289765 0.04289765 0.04289765 0.04289765 0.04289765 0.04289765 0.04289765 0.04289765 0.04289765 0.04289765 0.04289765 0.04289765 0.04289765
0.8974558 0.8974558 -9999 -9999 -9999 0.8974558 0.8974557 0.8974558 0.8974558 0.8974558 0.8974557 0.8974558 0.8852412 0.4589761 0.162501 0.1296648 0.04289765 0.04289765 0.04289765 0.04289765 0.04289765 0.04289765 0.04289765 0.04289765 0.04289765 0.04289765 0.04289765 0.04289765 0.04289765 0.04289765 0.04289765 0.04289765 0.04289765 0.04289765 0.04289765 0.04289765 0.04289765 0.04289765 0.04289765 0.04289765 0.04289765 0.04289765 0.04289765 0.04289765 0.04289765 0.04289765 0.04289765 0.04289765 0.04289765 0.04289765 0.04289765 0.04289765 0.04289765 0.04289765 0.04289765 0.04289765 0.04289765 0.04289765 0.04289765 0.04289765 0.04289765 0.04289765 0.04289765 0.04289765 0.04289765 0.04289765 0.04289765 0.04289765 0.04289765 0.04289765 0.04289765 0.04289765
0.8974558 0.8974558 0.8974558 0.8974558 0.8974558 0.8974558 0.8974558 0.8974558 0.8974558 0.8974558 0.8974558 0.8974557 0.8974558 0.8974558 0.8393881 0.7190585 0.2212702 0.04289765 0.04289765 0.04289765 0.04289765 0.04289765 0.04289765 0.04289765 0.04289765 0.04289765 0.04289765 0.04289765 0.04289765 0.04289765 0.04289765 0.04289765 0.04289765 0.04289765 0.04289765 0.04289765 0.04289765 0.04289765 0.04289765 0.04289765 0.04289765 0.04289765 0.04289765 0.04289765 0.04289765 0.04289765 0.04289765 0.04289765 0.04289765 0.04289765 0.04289765 0.04289765 0.04289765 0.04289765 0.04289765 0.04289765 0.04289765 0.04289765 0.04289765 0.04289765 0.04289765 0.04289765 0.04289765 0.04289765 0.04289765 0.04289765 0.04289765 0.04289765 0.04289765 0.04289765 0.04289765 0.04289765
0.8974558 0.8974558 0.8974558 0.8974558 0.8974558 0.8974558 0.8974558 0.8974558 0.8974558 0.8974558 0.8974558 0.8974558 0.8974558 0.8974558 0.6572034 0.3405789 0.157733 0.05896463 0.04289765 0.04289765 0.04289765 0.04289765 0.04289765 0.04289765 0.04289765 0.04289765 0.04289765 0.04289765 0.04289765 0.04289765 0.04289765 0.04289765 0.04289765 0.04289766 0.04289765 0.04289765 0.04289765 0.04289765 0.04289765 0.04289765 0.04289765 0.04289765 0.04289765 0.04289765 0.04289765 0.04289765 0.04289765 0.04289765 0.04289765 0.04289765 0.04289765 0.04289765 0.04289765 0.04289765 0.04289765 0.04289765 0.04289765 0.04289765 0.04289765 0.04289765 0.04289765 0.04289765 0.04289765 0.04289765 0.04289765 0.04289765 0.04289765 0.04289765 0.04289765 0.04289766 0.04289765 0.04289765
0.8974558 0.8974558 -9999 0.8974558 0.8974557 0.8974558 0.8974558 0.8974558 0.8974558 0.8974557 0.8974558 0.8974558 0.8974557 0.8974558 0.8974558 0.8974558 0.8974557 0.3639941 0.04289765 0.04289765 0.04289765 0.04289765 0.04289765 0.04289765 0.04289765 0.04289765 0.04289765 0.04289765 0.04289765 0.04289765 0.04289765 0.04289765 0.04289765 0.04289765 0.04289765 0.04289765 0.04289765 0.04289765 0.04289765 0.04289765 0.04289765 0.04289765 0.04289765 0.04289765 0.04289765 0.04289765 0.04289765 0.04289765 0.04289765 0.04289765 0.04289765 0.04289765 0.04289765 0.04289765 0.04289765 0.04289765 0.04289765 0.04289765 0.04289765 0.04289765 0.04289765 0.04289765 0.04289765 0.04289765 0.04289765 0.04289765 0.04289765 0.04289765 0.04289765 0.04289765 0.04289765 0.04289765
0.8974558 0.8974557 -9999 0.8974558 0.8974558 0.8974558 0.8974557 0.8974558 0.8974558 0.8974558 0.8974557 0.8974558 0.8974558 0.8974558 0.7993191 0.4807222 0.1886795 0.0964077 0.04289765 0.04289765 0.04289765 0.04289765 0.04289765 0.04289765 0.04289765 0.04289765 0.04289765 0.04289765 0.04289765 0.04289765 0.04289765 0.04289765 0.04289765 0.04289765 0.04289765 0.04289765 0.04289765 0.04289765 0.04289765 0.04289765 0.04289765 0.04289765 0.04289765 0.04289766 0.04289765 0.04289765 0.04289765 0.04289765 0.04289765 0.04289765 0.04289765 0.04289765 0.04289765 0.04289765 0.04289765 0.04289765 0.04289765 0.04289765 0.04289765 0.04289765 0.04289766 0.04289766 0.04289765 0.04289765 0.04289765 0.04289765 0.04289765 0.04289765 0.04289765 0.04289765 0.04289766 0.04289766
0.8974558 0.8974558 -9999 0.8974558 0.8974558 0.8974558 0.8974558 0.8974558 0.8974558 0.8974558 0.8974558 0.8974558 0.8974558 0.8857931 0.4278668 0.06792971 0.04289765 0.04289765 0.04289765 0.04289765 0.04289765 0.04289765 0.04289765 0.04289765 0.04289765 0.04289765 0.04289765 0.04289765 0.04289765 0.04289765 0.04289765 0.04289765 17.80521 1.493452 0.04289765 0.04289765 0.04289765 0.04289765 0.04289765 0.04289765 0.04289765 0.04289765 0.04289765 0.04289765 0.04289765 0.04289765 0.04289765 0.04289765 0.04289765 0.04039374 0.0360392 0.0330599 0.02979371 0.03145045 0.02916886 0.02481701 0.03043628 0.03743234 0.03826405 0.03851161 0.04197819 0.04289765 0.04289765 0.04289765 0.04289765 0.04289765 0.04289765 0.0427744 0.04085617 0.04040914 0.03734621 0.03286379
0.8974558 0.8974558 -9999 0.8974558 0.8974558 0.8974558 0.8974557 0.8974558 0.8974557 0.8974558 0.8974558 0.8974558 0.8974558 0.8974558 0.8974558 0.7612997 0.6371489 0.5158713 0.4679959 0.6006988 0.2852247 0.04295884 0.04289765 0.04289765 0.04289765 0.04289765 0.04289765 0.04289765 0.04289765 0.04289765 15.94455 57.76231 67.34911 0.4311002 0.04289765 0.04289765 0.04289765 0.04289765 0.04289765 0.04289765 0.04289765 0.04289765 0.04289765 0.04289766 0.04289765 0.0417285 0.03232199 0.02826538 0.02387724 0.02074354 0.02069341 0.02069341 0.02069341 0.02069342 0.02069341 0.02069341 0.02069341 0.02069342 0.02069341 0.02069341 0.02254809 0.0265034 0.02539447 0.0291269 0.02621671 0.02290107 0.02558187 0.02406865 0.01878034 0.01403713 0.01352951 0.01352951
0.8974558 0.8974557 0.8974558 0.8974557 0.8974557 0.8974558 0.8974558 0.8974558 0.8974558 0.8974558 0.8974558 0.8974558 0.8974558 0.8974558 0.8974558 0.8974558 0.8974557 0.8974558 0.8974558 0.8974558 0.8948718 0.3136845 0.04289765 0.04289765 0.04289765 0.04289765 0.04289765 0.04289765 0.04289765 0.04289765 0.04289765 0.04289765 0.04289766 0.04289765 0.04289765 0.04289765 0.04289765 0.04289765 0.04289765 0.04289765 0.04289765 0.04289765 0.04289765 0.04289765 0.03716268 0.0246362 0.02069342 0.02069341 0.02069342 0.02069341 0.02069341 0.02069342 0.02069341 0.02069341 0.02069341 0.02069341 0.02069341 0.02069341 0.02069341 0.02069342 0.02069341 0.02069341 0.02069341 0.02069342 0.02069342 0.02069341 0.02069341 0.02069341 0.02069342 0.01899668 0.01352951 0.01352951
0.8974558 0.8974558 0.8974558 0.8974558 0.8974558 0.8974558 0.8974558 0.8974557 0.8974558 0.8974558 0.8974558 0.8974558 0.8974558 0.8974558 0.8974558 0.8974558 0.8974558 0.8974558 0.8974558 0.8974558 0.8303696 0.2308381 0.05521936 0.04289765 0.04289765 0.04289765 0.04289765 0.04688585 0.05116795 0.04455038 0.04289765 6.386575 0.04289766 0.04289765 0.04289765 0.04289765 0.04289765 0.04289765 0.04289765 0.04289765 0.0426867 0.03358779 0.02302857 0.02462739 0.02325773 0.02069341 0.02069341 0.02069341 0.02069342 0.02069341 0.02069341 0.02069341 0.02069341 0.02069341 0.02069341 0.02069341 0.02069341 0.02069341 0.02069342 0.02069341 0.02069342 0.02069341 0.02069341 0.02069341 0.02069342 0.02069341 0.02069341 0.02069341 0.02069341 0.0194373 0.01352951 0.01352951
0.8974557 0.8974558 0.8974557 -9999 0.8974558 0.8974558 0.8974558 0.8974558 0.8974558 0.8974558 0.8974557 0.8974558 0.8974558 0.8974558 0.8974558 0.8974558 0.8974558 0.8974558 0.8974558 0.7800047 0.2852741 0.08950463 0.08612286 0.06360675 0.04734151 0.04289765 0.05761171 0.08596014 0.08950462 0.06943145 0.04435914 0.04289765 0.04289765 0.04289765 0.04296489 0.04289765 0.04289765 0.04289765 0.04282757 0.03487224 0.02232164 0.02069341 0.02069341 0.02069341 0.02069341 0.02069341 0.02069341 0.02069341 0.02069341 0.02069342 0.02069341 0.02069342 0.02069341 0.02069341 0.02069341 0.02069342 0.02069342 0.02069341 0.02069341 0.02069341 0.02069341 0.02069341 0.02069341 0.02069342 0.02069341 0.02069341 0.02069341 0.02069341 0.02069342 0.01882363 0.01352951 0.01352951
0.8974558 0.8974558 -9999 0.8974558 0.8974558 0.8974557 0.8974558 0.8974558 0.8974558 0.8974558 0.8974557 0.8974558 0.8974557 0.8974558 0.8974558 0.8974558 0.8974558 0.8974558 0.8974558 0.8974558 0.6143678 0.124208 0.08950463 0.08950463 0.08654784 0.06869071 0.08761813 0.08950463 0.08950463 0.08950463 0.08532653 0.07648357 0.07967978 0.07750736 0.08347084 0.08379839 0.08318446 0.07145774 0.03401826 0.02069341 0.02069341 0.02069341 0.02069342 0.02069341 0.02069341 0.02069341 0.02069341 0.02069341 0.02069341 0.02069341 0.02069341 0.02069341 0.02069341 0.02069341 0.02069341 0.02069342 0.02069341 0.02069341 0.02069341 0.02069341 0.02069341 0.02069341 0.02069341 0.02069342 0.02069342 0.02069341 0.02069341 0.02029957 0.01795166 0.01558102 0.01352951 0.01352951
0.8974558 0.8974558 0.8974558 0.8974558 0.8974558 0.8974558 0.8974558 0.8974558 0.8974558 0.8974558 0.8974558 0.8974558 0.8974558 0.8974558 0.8974558 0.8974558 0.8974557 0.8974558 0.8974558 0.8974558 0.8974558 0.8522931 0.2945158 0.08950464 0.08950463 0.08950463 0.08950463 0.08950463 0.08950463 0.08950463 0.08950463 0.08950463 0.08950463 0.08950463 0.08950464 0.08555404 0.05639417 0.02575362 0.02069341 0.02069341 0.02069341 0.02069342 0.02069341 0.02069341 0.02069341 0.02069342 0.02069341 0.02069341 0.02069341 0.02069341 0.02069341 0.02069342 0.02069341 0.02069341 0.02069341 0.02069342 0.02069341 0.02069342 0.02069341 0.02069341 0.02069341 0.02069342 0.02069342 0.02069342 0.02069341 0.02069341 0.02069341 0.01978032 0.01559235 0.01356635 0.01565253 0.01352951
0.8974558 0.8974558 0.8974559 0.8974558 0.8974558 0.8974558 0.8974557 0.8974558 0.8974558 0.8974558 0.8974558 0.8974557 0.8974558 0.8974558 0.8974558 0.8974558 0.8974557 0.8974558 0.8974558 0.8974558 0.8974557 0.8974557 0.586945 0.09387638 0.08950464 0.08950464 0.08950464 0.08950463 0.08950463 0.08950463 0.08950462 0.08950463 0.08950462 0.08844922 0.03306425 0.02781671 0.02069341 0.02069341 0.02069341 0.02069342 0.02069341 0.02069341 0.02069341 0.02069341 0.02069341 0.02069341 0.02069342 0.02069341 0.02069341 0.02069341 0.02069342 0.02069341 0.02069341 0.02069341 0.02069341 0.02069341 0.02069341 0.02069341 0.02069341 0.02069342 0.02069341 0.02069341 0.02069342 0.02069342 0.02069341 0.02069342 0.02069341 0.02069341 0.2576033 0.4352411 0.453336 0.4529836
0.8974558 0.8974557 0.8974558 0.8974558 0.8974558 0.8974558 0.8974559 0.8974558 0.8974558 0.8974558 0.8974558 0.8974557 0.8974558 0.8974558 0.8974557 0.8974558 0.8974558 0.8974558 0.8974558 0.8974558 0.8974557 0.8974557 0.8685292 0.5613892 0.3066765 0.08950463 0.08950463 0.08950463 0.08950463 0.08950462 0.08950462 0.08950463 0.08950464 0.06603634 0.02188728 0.02069341 0.02069342 0.02069341 0.02069342 0.02069341 0.02069341 0.02069341 0.02069341 0.02069341 0.02069341 0.02069341 0.02069341 0.02069341 0.02069341 0.02069341 0.02069341 0.02069341 0.02069341 0.02069341 0.02069341 0.02069341 0.02069342 0.02069341 0.02069342 0.02069342 0.02069341 0.02069341 0.02069341 0.02069341 0.02069342 0.02069341 0.02069341 0.02069342 0.04469379 0.4243474 0.4841484 0.4841484
0.8974558 0.8974558 0.8974558 0.8974557 0.8974558 0.8974557 0.8974558 0.8974559 0.8974558 0.8974558 0.8974558 0.8974558 0.8974558 0.8974558 0.8974558 0.8974558 0.8974557 0.8974558 0.8974558 0.8974558 0.8974558 0.8974558 0.8974558 0.8974558 0.7843624 0.1167428 0.08950463 0.08950463 0.08950462 0.08950463 0.08950463 0.08950463 0.08950463 0.08750403 0.06820535 0.02077126 0.02069341 0.02069341 0.02069341 0.02069342 0.02069341 0.02069341 0.02069341 0.02069341 0.02069341 0.02069341 0.02069341 0.02069341 0.02069342 0.02069341 0.02069341 0.02069341 0.02069341 0.02069341 0.02069341 0.02069341 0.02069341 0.02069341 0.02069342 0.02069341 0.02069341 0.02069341 0.02069341 0.02069341 0.02069341 0.02069341 0.02069341 0.02452087 0.1655571 0.4007101 0.4841484 0.4841484
0.8974558 0.8974558 0.8974558 0.8974557 0.8974558 0.8974558 0.8974558 0.8974558 0.8974558 0.8974558 0.8974558 0.8974558 0.8974558 0.8974558 0.8974558 0.8974558 0.8974558 0.8974558 0.8974558 0.8974558 0.8974558 0.8974558 0.8974558 0.8974558 0.8459848 0.7813201 0.5861443 0.464542 0.08950463 0.08950463 0.08950463 0.08950463 0.08950463 0.08950464 0.06700786 0.0548819 0.03276154 0.0249359 0.02069341 0.02069341 0.02069341 0.02069341 0.02069341 0.02069341 0.02069341 0.02069341 0.02069341 0.02069342 0.02069341 0.02069341 0.02069342 0.02069341 0.02069342 0.02069341 0.02069341 0.02069342 0.02069341 0.02069341 0.02069341 0.02069342 0.02069341 0.02069341 0.02069341 0.02069341 0.02069341 0.02069341 0.02069341 0.153905 0.4604313 0.4772781 0.4841484 0.4841484
0.8974558 0.8974558 0.8974558 0.8974558 0.8974558 0.8974558 0.8974558 0.8974558 0.8974558 0.8974557 0.8974558 0.8974558 0.8974558 0.8974558 0.8974558 0.8974558 0.8974557 0.8974557 0.8974558 0.8974558 0.8974558 0.8974558 0.8974558 0.8974558 0.8974558 0.8974558 0.8974558 0.7949812 0.09027467 0.08950463 0.08950464 0.08950463 0.08950463 0.08950463 0.08950463 0.08950463 0.08936935 0.08247915 0.07138053 0.05875976 0.02306942 0.02069341 0.02069341 0.02069342 0.02069341 0.02069341 0.02069341 0.02069342 0.02069341 0.02069342 0.02069341 0.02069342 0.02069341 0.02069342 0.02069342 0.02069341 0.02069341 0.02069341 0.02069341 0.02069341 0.02069341 0.02069341 0.02069341 0.02069341 0.02069341 0.02069342 0.02069341 0.02250132 0.0632679 0.067389 0.1849394 0.2441074
0.8974557 0.8974558 0.8974558 0.8974558 0.8974558 0.8974557 0.8974558 0.8974558 0.8974558 0.8974558 0.8974557 0.8974558 0.8974558 0.8974558 0.8974558 0.8974558 0.8974558 0.8974557 0.8974558 0.8974558 0.8974558 0.8974557 0.8974558 0.8974558 0.8974557 0.8974558 0.6262342 0.1263071 0.08950463 0.08950463 0.08950463 0.08950463 0.08950464 0.08950464 0.08950464 0.08950463 0.08950464 0.08950463 0.08950463 0.08279775 0.03432548 0.02069341 0.02069341 0.02069341 0.02069341 0.02069341 0.02069342 0.02069341 0.02069341 0.02069341 0.02069341 0.02069341 0.02069341 0.02069341 0.02069341 0.02069342 0.02069341 0.02069341 0.02069341 0.02069341 0.02069341 0.02069341 0.02069341 0.02069342 0.02069341 0.02069341 0.02069341 0.02069341 0.02069963 0.02410221 0.02519453 0.02550339
2.29686 2.475877 2.400369 1.757954 1.54358 1.026084 1.263415 1.34202 0.9908904 0.9403034 0.8974557 0.8974557 0.8974558 0.8974558 0.8974558 0.8974558 0.8974558 1.41736 0.9770448 0.8974557 0.8974558 0.8974558 0.8974558 0.8974558 0.8974558 0.8974558 0.8483588 0.1872359 0.08950463 0.08950464 0.08950463 0.08950463 0.08950464 0.08950463 0.08950463 0.08950463 0.08950463 0.08950463 0.08950463 0.05403515 0.02069341 0.02069341 0.02069341 0.02069341 0.02069341 0.02069341 0.02069341 0.02069341 0.02069342 0.02069341 0.02069341 0.02069341 0.02069341 0.02069341 0.02069341 0.02069341 0.02069341 0.02069341 0.02069341 0.02069341 0.02069342 0.02069341 0.02069341 0.02069341 0.02069341 0.02069341 0.02069341 0.02069341 0.0220016 0.0251683 0.02574505 0.02574505
3.295996 3.295996 3.295996 3.295996 3.295996 3.295996 3.295996 3.295996 3.231087 3.270682 2.183381 1.357306 1.002017 1.279211 1.391203 1.603644 2.734492 3.289496 2.861227 2.036184 2.2345 1.834818 0.9388641 1.01816 0.8974558 0.8740705 0.4392514 0.09624361 0.08950463 0.08950463 0.08950463 0.08950463 0.08950463 0.08950463 0.08950463 0.08950463 0.08950463 0.08774877 0.05145665 0.02704108 0.02069341 0.02069341 0.02069341 0.02069341 0.02069341 0.02069341 0.02069341 0.02069341 0.02069342 0.02069341 0.02069341 0.02069341 0.02069341 0.02069341 0.02069341 0.02069341 0.02069341 0.02069341 0.02069342 0.02069341 0.02069342 0.02069341 0.02069341 0.02069342 0.02069341 0.02069342 0.02069341 0.02069342 0.02150645 0.02492986 0.02574505 0.02574505
3.295996 3.295996 3.295996 3.295996 3.295996 3.295996 3.295996 3.295996 3.295996 3.295996 3.295996 3.295996 3.277517 3.295996 3.295996 3.295996 3.295996 3.295996 3.295996 3.295996 3.295996 3.295996 3.226079 3.276742 2.378145 0.2599974 0.08950462 0.08950464 0.08950463 0.08950463 0.08950463 0.08950464 0.08950463 0.08950463 0.08950463 0.08950463 0.06742299 0.02129292 0.02069341 0.02069341 0.02069341 0.02069342 0.02069341 0.02069341 0.02069342 0.02069341 0.02069341 0.02069342 0.02069341 0.02069341 0.02069342 0.02069341 0.02069341 0.02069341 0.02069342 0.02069341 0.02069341 0.02069341 0.02069341 0.02069341 0.02069341 0.02069341 0.02069341 0.02069341 0.02069341 0.02069341 0.02069341 0.02069341 0.02145369 0.02548471 0.02574504 0.02574504
3.295996 3.295996 3.295996 3.295996 3.295996 3.295996 3.295996 3.295996 3.295996 3.295996 3.295996 3.295996 3.295996 3.295996 3.295996 3.295996 3.295996 3.295996 3.295996 3.295996 3.295996 3.295996 3.295996 3.295996 3.295996 2.135278 1.389913 0.5989827 0.08950463 0.08950463 0.08950463 0.08950463 0.08950463 0.08950464 0.08950463 0.08950463 0.08919589 0.05046957 0.02069341 0.02069342 0.02069341 0.02069341 0.02069341 0.02069341 0.02069341 0.02069341 0.02069341 0.02069341 0.02069341 0.02069341 0.02069341 0.02069341 0.02069341 0.02069341 0.02069341 0.02069341 0.02069341 0.02069341 0.02069341 0.02069341 0.02069342 0.02069341 0.02069341 0.02069341 0.02069341 0.02069341 0.02087212 0.02242562 0.02550998 0.02574504 0.02574505 0.02574505
3.295996 3.295996 3.295996 3.295996 3.295996 3.295996 3.295996 3.295996 3.295996 3.295996 3.295996 3.295996 3.295996 3.295996 3.295996 3.295996 3.295996 3.295996 3.295996 3.295996 3.295996 3.295996 3.151481 3.286603 3.295996 3.113531 2.307821 0.982057 0.2196869 0.1963786 0.2099764 0.1857761 0.1985555 0.1543785 0.09239192 0.08950463 0.08950462 0.07314511 0.02470455 0.02069341 0.03314928 0.1138352 0.1050226 0.04762616 0.05759804 0.08038777 0.0349103 0.02069341 0.02069341 0.02069341 0.02069342 0.02069341 0.02069341 0.02069341 0.02069341 0.02069341 0.02069342 0.02069341 0.02069341 0.02069342 0.02069341 0.02069341 0.02069341 0.02069341 0.02069341 0.02209273 0.02523006 0.02574504 0.02574505 0.02574504 0.02574505 0.02574505
3.295996 3.295996 3.295996 3.295996 3.295996 3.295996 3.295996 3.295996 3.295996 3.278856 10.69243 22.80786 1.579741 1.522971 1.764474 2.239375 2.099006 1.61795 2.428289 2.493555 2.71018 1.095665 0.2791975 0.7410322 1.004402 0.2929475 0.2451274 0.2451274 0.2451274 0.2451274 0.2451274 0.2451274 0.2451274 0.2451274 0.2282892 0.203596 0.1787157 0.1712257 0.1568573 0.1306953 0.1961523 0.2258293 0.2258293 0.2257753 0.2245699 0.2258293 0.1668744 0.02069341 0.02069341 0.02069341 0.02069341 0.02069342 0.02069341 0.02069341 0.02069341 0.02069342 0.02069342 0.02069341 0.02069341 0.02069341 0.02069341 0.02069341 0.02069341 0.02069341 0.0207177 0.02506785 0.02574505 0.02574505 0.02574505 0.02574505 0.02574505 0.02574504
3.295996 3.295996 3.295996 3.295996 3.295996 3.295996 3.295996 3.295996 3.295996 2.104455 0.3056911 0.3056911 0.3056911 0.3056911 0.3056911 0.3056911 0.3056911 0.2921917 0.2639606 0.2605349 0.2605349 0.2605349 0.2605349 0.2605349 0.2605349 0.250796 0.2451274 0.2451274 0.2451274 0.2451274 0.2451274 0.2451274 0.2451274 0.2451274 0.2451274 0.2451274 0.2451274 0.2451274 0.2405174 0.2263513 0.2258293 0.2258293 0.2258293 0.2258293 0.2258293 0.2216946 0.04869575 0.02069342 0.02069341 0.02069341 0.02069341 0.02069341 0.02069341 0.02069342 0.05399588 0.1554698 0.02175288 0.02069341 0.02069341 0.02069341 0.02069341 0.02069341 0.02069341 0.02069341 0.02069341 0.02176063 0.0230854 0.02574326 0.02574505 0.02574505 0.02574504 0.02574505
3.246718 3.295996 3.295996 3.295996 3.295996 3.295996 3.295996 3.295996 3.148223 1.508005 0.3000307 0.3025043 0.305452 0.3056709 0.3056911 0.2918007 0.2747522 0.2605727 0.2605349 0.2605349 0.2605358 0.2906752 0.3162512 0.3271707 0.3556589 0.3756936 0.368346 0.3770558 0.387659 0.3815788 0.3173644 0.2546693 0.2451274 0.2451274 0.2451274 0.2451274 0.2451274 0.2451274 0.2384772 0.2258405 0.2258293 0.2258293 0.2258293 0.2258293 0.2258293 0.2259531 0.243237 0.1947646 0.1125047 0.09569137 0.2035212 0.3686781 0.4490439 0.5102512 0.7651093 0.7934383 0.4915861 0.366357 0.2765515 0.2755886 0.1634177 0.02158079 0.02069341 0.02069341 0.02069341 0.02155725 0.02444009 0.02574247 0.02574505 0.02574505 0.02574505 0.02574504
1.041265 2.53599 3.294359 3.295996 3.295996 3.295996 3.295996 2.102367 0.3525726 0.2605349 0.2605349 0.2605349 0.2624195 0.2734548 0.277804 0.2614018 0.2605349 0.2605349 0.2654702 0.2825249 0.3061635 0.3719419 0.7644559 1.47104 0.625018 0.4039627 0.4039627 0.4039628 0.4039627 0.4039627 0.4039627 0.3707001 0.3324826 0.2785173 0.2451274 0.2451274 0.2451274 0.2451274 0.2451274 0.2401776 0.2284445 0.2258293 0.2258293 0.2258293 0.4530253 0.6715103 0.8439321 0.858718 0.8488016 0.8608865 0.8608865 0.8608865 0.8608866 0.8608866 0.8136288 0.8048114 0.66031 0.6271667 0.6271667 0.6271667 0.6156024 0.2570478 0.1915774 0.02107888 0.02069341 0.02072191 0.02343472 0.02574505 0.02574505 0.02574505 0.02574505 0.02574505
0.4417949 0.4417949 1.22846 1.411068 1.951154 2.060717 1.989344 0.5069401 0.2605349 0.2605349 0.2605349 0.2605349 0.2605349 0.2605349 0.2605349 0.2801216 0.2801365 0.3125504 0.3676629 0.4031075 1.333599 2.316124 2.513373 2.513373 0.8304741 0.4039628 0.4039628 0.4039627 0.4039627 0.4039627 0.4039627 0.4018333 0.3163797 0.2508404 0.2451274 0.2451274 0.2451274 0.2451274 0.2451274 0.2451274 0.2387651 0.2323739 0.3651506 0.5961463 0.8260005 0.8384932 0.8409698 0.8604545 0.8608866 0.8608866 0.8608866 0.8608866 0.8504064 0.74076 0.6473258 0.6271667 0.6271667 0.6271667 0.6271667 0.6271667 0.6017696 0.4953466 0.4902191 0.4107932 0.2303309 0.08476318 0.02573325 0.02574505 0.02574505 0.02574505 0.07354116 0.1575652
0.5088637 0.4771115 0.7583089 0.7533076 1.182199 2.247574 1.281415 0.2605349 0.2605349 0.2605349 0.2706532 0.2997074 0.317783 0.3107901 0.3080774 0.3521666 0.3718465 0.6504048 1.871422 2.382265 2.463495 2.473132 2.507292 2.152225 0.4854435 0.425368 0.4419965 0.4989161 0.947981 1.072801 0.9313661 0.7333429 0.3198201 0.2592461 0.2451274 0.2451274 0.2451274 0.2451274 0.2451274 0.2451274 39.25244 10.98887 2.563552 0.8384932 0.8384932 0.8384932 0.8392067 0.8606849 0.8608866 0.8608866 0.8608866 0.8608866 0.8608866 0.8105804 0.7651157 0.7160317 0.6468082 0.6271667 0.5887297 0.5190487 0.4909628 28.41817 0.4902191 0.4902191 0.4902191 0.2783798 0.02574505 0.1557187 0.3576459 0.5353079 0.3353322 0.4402834
