Data/gpw-v4-population-density-adjusted-to-2015-unwpp-country-totals-rev11_2020_30_min_asc/gpw_v4_population_density_adjusted_to_2015_unwpp_country_totals_rev11_2020_30_min.asc
ncols         720
nrows         360
xllcorner     -180
yllcorner     -90
cellsize      0.50000000000003
NODATA_value  -9999
[rows 64 to 95 of 360, columns 576 to 647 of 720]
0.4405082 0.447457 0.4402835 0.4402834 0.4402835 0.2774881 0.1213073 0.1213073 0.1213073 0.1213073 0.1812394 0.2389723 0.2389723 0.2389723 0.2389723 0.2389723 0.2389723 0.2389723 0.1984098 0.1559599 0.1559599 0.1559599 0.1671988 0.1733034 0.173308 0.173308 0.173308 0.173308 0.173308 0.3322377 0.8517408 0.8695813 0.7432284 0.3918631 0.4515477 0.4091379 0.2814822 0.2814822 0.2814822 0.2814823 0.2814823 0.2814822 0.2814822 0.2814823 0.2814822 0.2814823 0.2814822 0.2015878 0.01776507 0.01298074 0.01298074 0.01298074 0.01298074 0.01298074 0.01298074 0.01298074 0.01298074 0.01298074 0.01298074 0.01298074 0.01298074 0.01298074 0.01298074 0.0160304 0.01506651 0.01298071 -9999 -9999 -9999 -9999 -9999 -9999
0.5107453 0.5276392 0.4551929 0.4470896 0.4402834 0.3354208 0.1261908 0.1296951 0.1213073 0.1213073 0.1420729 0.2358486 0.2389723 0.2391338 0.3240313 0.3869392 0.2927649 0.2389723 0.2290571 0.1748537 0.15596 0.1559599 0.1567187 0.4192089 0.5931767 0.5107955 0.5534313 0.483703 0.2523257 0.739022 0.8695813 0.8695813 0.8695813 0.8695813 0.8695813 0.8692828 0.8178602 0.7026458 0.3737508 0.2987372 0.2857121 0.3093543 0.3074769 0.3400709 0.2823164 0.2935753 0.3445536 0.04394494 0.01298074 0.01298074 0.01298074 0.01298074 0.01298074 0.01298074 0.01298074 0.01298074 0.01298074 0.01298074 0.01298074 0.01298074 0.01298074 0.01298074 0.01298074 0.01298074 -9999 -9999 -9999 -9999 -9999 -9999 -9999 -9999
0.53679 0.5100724 0.4461308 0.3954301 0.3032508 0.2818435 0.2528286 0.2749189 0.2512214 0.2256236 0.1730362 0.2854698 0.3751653 0.459884 0.6461785 0.2698987 0.1826935 0.1938058 0.1769353 0.1595146 0.1559599 0.1559599 0.1559599 0.2184364 0.2112369 0.1757976 0.1935916 0.4920199 0.5552592 0.8239468 0.8679649 0.8695813 0.8695813 0.8695813 0.8695813 0.8695813 0.8695813 0.8695813 0.8578877 0.863661 0.8299356 0.8593803 0.8645058 0.8695813 0.7509114 0.7928485 0.8479087 0.3608351 0.01298074 0.01298074 0.01298074 0.01298074 0.01298074 0.01298074 0.01298074 0.01298074 0.01298074 0.01298074 0.01298074 0.01298074 0.01298074 0.01298073 -9999 -9999 -9999 -9999 -9999 -9999 -9999 -9999 -9999 -9999
0.53679 0.415707 0.2871056 0.2860244 0.2860244 0.2860244 0.2860244 0.2860244 0.2860244 0.4191248 0.581262 0.6620006 0.6620064 0.6620064 0.6620064 0.397593 0.15596 0.1559599 0.1559599 0.1559599 0.1559599 0.1559599 0.1559599 0.1560011 0.1665321 0.1730949 0.1727927 0.1757976 0.1757976 0.1808708 0.2497847 0.3098555 0.698854 0.8695813 0.8695813 0.8695813 0.8695813 0.8695813 0.8695813 0.8695813 0.8695813 0.8695813 0.8695813 0.8695813 0.8695813 0.8438773 0.1582059 0.02328969 0.01298074 0.01298074 0.01298074 0.01298074 0.01298074 0.01298074 0.01298074 0.01298074 0.01298074 0.01298074 0.01298074 0.01298074 0.01298074 -9999 -9999 -9999 -9999 -9999 -9999 -9999 -9999 -9999 1.740406 -9999
0.53679 0.4456905 17.529 0.2860244 0.2860244 0.2860244 0.3366436 0.2860244 0.2860244 0.354948 0.5077868 0.5255254 0.4799172 0.3500579 0.3621322 0.3179568 0.2010784 0.213109 0.1682397 0.1574093 0.1559599 0.1559599 0.1383468 0.07351214 0.06212881 0.04012726 0.08601171 0.1547154 0.1757976 0.1757976 0.1757976 0.1757976 0.1985865 0.3324931 0.3497916 0.4774142 0.7145914 0.6747413 0.6430385 0.6263974 0.6434423 0.8331732 0.6142869 0.5096705 0.5529051 0.4644745 0.07034835 0.07424629 0.0865384 0.03376127 0.01596258 0.01664493 0.01695167 0.0150766 0.01607629 0.01336955 0.01312532 0.01298074 0.01298074 -9999 -9999 -9999 -9999 -9999 -9999 -9999 -9999 -9999 -9999 -9999 -9999 -9999
0.53679 0.3874572 0.2860244 0.2860244 0.2860244 0.5915517 1.111491 0.9328952 0.2085621 0.1938271 0.1586214 0.1539311 0.1539311 0.1539311 0.1539311 0.1573344 0.179445 0.2234584 0.2387236 0.233458 0.1413228 0.06844722 0.03467514 0.03209257 0.03209257 0.03209257 0.03222721 0.04206042 0.1753715 0.1757976 0.1757976 0.1757976 0.1757976 19.04159 0.1757976 0.1757976 0.1757976 0.1757976 0.1757976 0.177577 0.1803615 0.1818551 0.1804896 0.1803732 0.1803732 0.1803732 0.1803732 0.1802041 0.1487576 0.06487173 0.02211168 0.02211168 0.02211168 0.02211168 0.02211168 0.0216732 0.02209839 0.02211168 0.02211168 0.02211168 0.02211168 -9999 -9999 -9999 -9999 -9999 -9999 -9999 -9999 -9999 -9999 -9999
0.5276027 0.4510286 0.2860244 0.2860244 0.4560955 1.147188 1.176806 0.6414247 0.1539311 0.1539311 0.1539311 0.1539311 0.1539311 0.1539311 0.1539311 0.1539311 0.1541692 0.1847977 0.2389618 0.2377349 0.05039013 0.03209257 0.03209257 0.03209257 0.03209257 0.03209257 0.03209257 0.07116047 0.1745722 0.1757976 0.1917974 0.1893377 0.1757976 0.1757976 0.1757976 0.1767352 0.1764181 0.1786869 0.1794831 0.1797413 0.1803732 0.1803732 0.1803732 0.1803732 0.1803732 0.1803732 0.1416162 0.07507838 0.02374574 0.02211168 0.02211168 0.02211168 0.02211168 0.02211168 0.02211168 0.02211168 0.02211168 0.02211168 0.02211168 0.02211168 0.02211167 -9999 0.02211168 -9999 -9999 -9999 -9999 -9999 -9999 -9999 -9999 -9999
0.6427485 1.16917 0.9729939 0.4688655 1.192242 1.37868 0.9748351 0.1855104 0.1539311 0.1539311 0.1539311 0.1539311 0.1539311 0.1540415 0.187905 0.227545 0.2374526 0.2387364 0.2389618 0.1385857 0.04894566 0.1887992 0.05151621 0.1735511 0.3161783 0.6513623 0.8027999 1.020845 0.7272658 0.8744516 1.231112 1.05553 0.3268186 0.178159 0.1795821 0.2782685 0.1803599 0.1803732 0.1803732 0.1803732 0.1803732 0.1803732 0.1803732 0.1803732 0.1803728 0.0990105 0.03968763 0.02211168 0.02211168 0.02211168 0.02211168 0.02211168 0.02211168 0.02211168 0.02211168 0.02211168 0.02211168 0.02211168 0.02211168 0.02211167 -9999 0.02211168 0.1224585 1.760217 1.90888 -9999 -9999 -9999 1.740406 1.740406 -9999 -9999
0.9939492 1.949047 1.949047 1.949047 1.949047 1.829013 0.6818182 0.1539311 0.1897903 0.3352361 0.2760997 0.342867 0.1993007 0.227971 0.2389618 0.2389618 0.2389618 0.2389618 0.2513865 0.4357285 1.024906 0.9675066 0.9371489 0.982333 0.9823331 0.9823331 0.9823331 1.064999 1.496679 1.498888 1.441696 1.470605 1.498888 1.234886 1.214014 1.212862 0.6709403 0.1803732 13.32208 0.1803732 0.1803732 0.1803732 0.1803732 0.1803732 0.176039 0.1441402 0.1327494 0.02211168 0.02211168 0.02211168 0.02283218 0.02680114 0.03668949 0.03726501 0.02211168 0.02211168 0.02211168 0.02211168 0.02211168 0.02211168 0.02211168 0.9775721 1.583841 1.90888 1.90888 1.90888 -9999 -9999 1.740406 1.740406 1.740406 -9999
2.016737 1.969534 1.996297 2.024679 1.901387 0.8672033 0.3476712 0.4453949 0.5848836 0.6094338 0.6094338 0.5672272 0.4458334 0.2732377 0.2389618 0.2389618 0.377506 0.9796127 2.225769 2.546897 1.633345 1.197108 1.312494 1.007056 0.9002663 0.8093632 0.7130318 0.6959499 11.95522 1.729607 0.9451677 1.475589 1.338902 1.047687 1.366557 1.309279 1.204297 0.4802102 0.1857565 0.1803732 0.1803732 0.1943675 0.3567591 0.3385101 0.2292446 0.2291226 0.2265252 0.1096869 0.1146465 0.1249049 0.1948079 0.2202064 0.2243376 0.1649687 0.02212624 0.02211168 0.02863064 0.06158039 0.06655522 0.03684845 0.08469285 0.3778904 0.5292857 1.151721 1.8162 1.90888 1.90888 1.740406 1.740406 1.740406 1.740406 -9999
2.057647 1.866933 1.503885 1.37653 1.297863 0.8261747 0.6094338 0.6094338 0.6094338 0.6094338 0.6094338 1.088517 3.032885 1.128109 0.2389618 1.338248 3.873359 2.650262 2.551302 2.053372 1.801017 1.408912 1.0574 0.6308287 0.5331028 0.4100768 0.1250542 0.003891564 8.441923 7.958992 7.305069 1.694474 2.735653 5.031227 2.248298 1.736359 1.297327 1.233628 1.074942 0.5428485 0.2704411 0.4016444 0.4795069 0.4768134 0.2592105 0.2291226 0.2291226 0.2291226 0.2291226 0.2291226 0.257174 0.2528088 0.230272 0.1696051 0.1339594 0.09337753 0.1364476 0.1428143 0.1428143 0.1428143 0.1428143 0.162936 0.2330124 0.3048293 0.49545 1.588876 1.90888 1.740406 1.619534 1.541495 1.57664 -9999
4.612638 2.995307 1.297863 1.371706 1.177931 0.8452345 0.9828454 0.9793024 1.61333 2.840958 108.6914 37.34784 4.035235 4.372331 3.745968 3.382305 5.044247 3.227287 1.730398 1.441783 1.402005 1.160015 0.9452603 0.6295208 0.8754789 3.229182 0.8508457 0.3159369 3.780752 2.927505 9.330823 5.64538 10.37292 18.17722 3.242078 12.16894 2.088912 0.6090786 0.3837152 5.801048 0.3838352 0.4625383 0.4795069 0.4680465 0.3131376 0.2687064 0.2291226 0.2291226 0.2291226 0.2722389 0.3303042 0.4067025 0.3998413 0.2170298 0.1484986 0.1428143 0.1428143 0.2257077 0.5594838 0.3611063 0.3839935 0.4623691 0.4721978 0.4721978 0.4721978 1.099549 1.90888 1.742944 1.457108 1.027107 1.027106 -9999
7.698837 5.921178 3.952411 2.198848 2.117184 2.200917 2.123523 2.082478 2.754153 2.984954 19.94621 15.25176 4.334945 4.400804 5.997842 6.754449 5.746443 4.468565 2.874622 1.787621 1.020549 0.6409601 0.9141177 1.090605 1.118913 2.498011 0.0001025529 3.060504 5.859073 0 3.60241 2.702073 13.2317 6.015132 0 2.305825 8.921827 2.699352 0.7458773 5.256194 4.195961 0.6701371 0.4795069 0.4795069 0.4795069 0.4362055 0.3058129 0.3040508 0.3506597 0.4058719 0.4067025 0.4067025 0.4067025 0.4401081 0.5210841 0.6382237 0.7505245 0.9336609 1.029996 0.8823074 0.5150123 0.4721978 0.4721978 0.4721978 0.4721977 0.5519027 1.56957 2.389126 2.288842 1.036038 1.027107 -9999
5.29966 11.9993 2.120616 2.076442 2.074499 2.075051 1.803727 1.46556 1.153703 1.596272 3.329985 4.400122 5.096389 4.41325 4.157986 5.340874 5.891816 5.235687 2.967425 1.441593 1.018205 1.761457 1.24979 1.018898 0.8354517 2.183812 4.833862 6.184178 2.33044 1.658796 2.732782 1.869413 7.597144 0.1896973 0 1.630319 1.71661 2.571568 1.691509 5.451986 29.65214 4.74356 1.959548 0.6484411 0.7354928 0.7189592 0.4632856 0.4067025 0.4067025 0.4067025 0.4067025 0.4067025 0.5020849 0.9909704 1.029996 1.029996 1.029996 1.029996 1.039969 1.087046 0.9332311 0.8786461 0.5766876 0.4819537 0.4721978 0.4721978 -9999 -9999 2.57365 2.065245 1.039189 1.027107
2.993756 1.978439 1.608188 1.3773 1.384672 1.230079 1.087861 1.133379 1.230452 2.186223 2.324154 2.365214 4.14983 5.31682 4.539024 5.381732 6.610144 6.118793 4.814374 2.191295 1.72261 3.231387 2.630574 1.94471 2.754169 4.169659 12.77348 10.16722 5.12334 3.759701 5.168847 9.532618 14.19765 0 0.4344263 3.139996 2.665427 1.048897 5.532238 10.1574 29.80184 15.09472 2.419012 1.547621 0.9930249 1.222753 0.4137215 0.4067025 0.4067025 0.4067025 0.4067025 0.4067025 0.5099394 1.045772 1.029996 1.09364 1.110292 58.04603 55.31271 1.111053 1.111053 1.212155 1.349961 1.325425 1.118084 0.9719015 -9999 -9999 2.509543 2.324305 1.632263 1.105254
1.305335 0.7361026 0.6656808 0.6656808 0.6656807 0.6868117 1.054361 0.9714121 1.490338 2.980258 2.940119 2.538381 1.272551 1.21297 1.860746 3.251598 5.536618 5.178276 5.842071 10.27318 8.834451 6.232778 2.502499 4.212331 14.97002 3.665651 5.849478 6.432525 4.497587 2.28312 2.991509 2.610504 75.45251 0.2955972 0.9852027 6.679751 3.241137 1.629325 90.26501 102.0586 8.631269 5.160341 4.986783 4.006862 3.143647 2.15151 1.4009 0.4067025 0.4067025 0.4067025 0.7748272 1.280617 1.982911 2.739117 2.753794 3.226666 3.518511 21.25868 2.769709 1.111053 1.111053 1.163853 1.352566 1.353532 1.353532 1.353532 -9999 -9999 1.992903 1.50611 1.318246 1.146983
0.6708681 0.6656808 0.6656808 0.680115 0.6848384 0.7534466 0.8912039 0.8256189 0.8509353 1.081653 0.9760217 0.3568264 0.3294265 0.2671786 0.2678298 0.9512398 0.2799172 1.314807 65.78874 19.9848 7.338906 1.377589 0.8832576 2.405649 1.566781 2.085037 9.159697 9.529088 3.160615 0.02898528 2.678221 3.373021 14.5011 42.71074 8.240909 10.8534 5.815417 4.171681 8.332825 12.69593 13.11634 15.46904 10.68382 11.52735 1.829342 1.106109 1.060459 0.4143978 0.4067025 0.8072929 2.566108 2.76028 2.76028 3.364807 3.787184 3.787406 2.481315 1.188444 0.7230622 0.9180718 1.051703 1.23322 1.248411 1.353532 1.353532 1.353532 -9999 -9999 3.322196 1.207522 1.758671 2.337101
0.6509128 0.5050808 0.4267564 0.5759836 0.6381006 0.7266948 0.6194677 0.5647457 0.5809317 0.5764097 0.4069419 0.3837562 0.3240001 0.2388557 0.1842055 0.2399801 1.054473 0.9377576 2.551878 57.62989 2.747198 1.395125 11.52041 168.1787 24.35726 81.06322 6.754829 3.334172 1.116852 3.544736 2.015445 4.203302 9.220244 24.36939 121.2433 36.75411 12.46034 9.044741 33.66779 12.35644 9.142671 6.897125 4.246471 6.259679 1.106109 1.106109 1.477619 1.347262 1.727637 1.838944 2.642253 2.76028 2.76028 3.291754 3.39866 1.59326 0.6233717 0.6174982 0.6174983 0.6174982 0.6638159 1.107123 1.359137 1.538554 1.45686 1.353532 -9999 -9999 5.139498 3.116429 2.818604 2.818604
0.2881398 0.3114959 0.382691 0.2782698 0.3634215 0.5458238 0.6127769 0.4422778 0.4631855 0.5490454 0.4674792 0.3941723 0.3356004 0.2131556 0.2326253 0.2975107 2.599297 3.12845 1.628569 2.294064 1.081301 2.102403 3.375614 11.79707 3.38036 5.63953 8.900569 5.460074 4.070941 3.242699 12.43056 18.70599 37.13017 100.5704 58.46881 46.81269 66.93205 21.53322 10.59318 2.810272 0.3337625 0.936186 10.23053 2.823557 16.57641 2.322171 1.984047 2.013777 2.058711 32.22746 7.597501 3.5202 3.509098 11.06964 107.802 2.083078 1.018522 0.6886814 1.208884 0.8903502 1.167985 2.430478 2.345923 2.582862 2.582862 -9999 -9999 4.896496 4.018847 4.376705 -9999 -9999
0.3447992 0.2906999 0.4350625 0.418849 0.3861793 0.5543131 0.7941815 0.7850059 0.4025529 0.3952029 0.4254534 0.3572438 6.804482 10.18062 0.211168 0.5808176 0.3011613 1.106984 0.6021987 2.991688 3.008221 2.402078 1.744758 0.8226391 0.9200702 0.7833387 7.023729 6.052726 5.299484 48.52365 62.89337 53.09376 91.084 119.5746 93.16248 110.978 138.2802 79.15022 7.495654 2.315193 0.6776094 13.6989 27.59254 28.1706 2.663247 3.083814 1.682761 2.627726 3.167747 2.808837 8.26488 9.902649 40.19799 42.73656 136.8521 1.947898 1.242402 1.148337 1.260291 0.6007261 0.5998049 2.315474 2.582862 2.582862 2.582862 -9999 -9999 -9999 2.881929 3.574327 -9999 -9999
16.99784 0.4667168 0.5125439 1.112824 2.251178 3.799785 1.109918 0.6731896 0.5894572 0.4863003 0.3338278 0.2400908 1.002973 0.2167554 0.197064 0.1569594 0.8885227 0.07596467 0.0560208 0.3244036 0.1013408 0.652582 0.4795955 0.3908901 1.497433 2.780504 2.59674 0.4921542 13.39989 98.34754 75.01908 60.11995 79.32381 60.7789 134.5546 130.5357 142.9263 156.3492 41.00815 5.074001 1.761086 101.2032 27.10556 2.179806 8.491004 33.90026 17.01146 23.19849 13.91239 49.00824 24.67669 12.66428 12.34192 5.202224 3.243474 1.353543 1.353543 1.353543 1.33487 0.9310225 0.4657585 1.867991 2.582862 2.582862 -9999 -9999 -9999 14.54568 5.792657 9.554307 -9999 -9999
0.5819665 0.5681525 0.6002387 0.9806048 0.9419635 0.9147637 0.2729167 0.4117539 0.5761089 0.4949982 0.2257355 0.2183062 0.2196029 0.1538859 0.1036373 0.09968022 0.09968022 0.09970867 0.09995266 0.09995265 0.09995266 0.09995267 0.09169691 10.87641 7.804415 4.76614 2.789853 6.364681 43.04454 70.43845 142.233 533.6984 179.9978 97.39685 65.66774 154.6494 136.6874 238.6877 227.4337 39.94688 39.53378 29.17707 63.39392 16.00109 324.4404 77.41476 30.25783 96.27534 100.5669 43.50215 18.7033 19.20161 15.26626 5.495653 3.02448 1.353543 1.353543 1.352033 1.332766 0.8533325 0.4370444 0.7312017 2.384805 -9999 -9999 -9999 -9999 16.78769 16.42892 61.38496 13.45207 -9999
0.7183108 2.323091 1.659961 0.9251665 0.2973253 0.2611761 0.3591934 0.483873 0.4575072 0.4226309 7.198463 0.2183207 0.2104066 0.1311581 0.1202071 0.1367427 0.1273106 0.09974597 0.09801756 0.1170678 0.05570155 0.6190091 0.06321884 0.4093656 2.649463 5.525454 17.16417 15.02757 25.94022 75.97965 67.99557 50.55157 61.45539 346.9591 292.0842 133.8827 213.6539 311.071 268.7864 126.0904 33.88793 13.83339 11.89609 103.1383 436.4113 104.1749 329.7797 58.64362 19.42589 19.45794 13.81479 19.01747 9.883886 1.379944 1.314037 1.315897 1.326744 1.321705 1.312667 0.9598837 0.4346145 0.4346145 -9999 -9999 -9999 -9999 -9999 11.33619 9.461163 57.88318 16.23576 16.23576
1.924068 2.092066 1.331862 1.330863 0.5436376 0.2665199 0.4276615 0.558589 0.4770577 0.3324271 0.30362 0.2304856 0.2316513 0.3339991 0.3439389 0.3439389 0.4424611 0.7932214 0.4006197 0.4567457 0.5644546 2.239601 1.470757 0.9818158 1.567286 10.37357 19.33576 29.30167 140.5387 22.32674 80.02547 45.64385 40.68114 182.2022 316.6241 221.3996 240.0251 243.438 223.5121 116.0803 23.98746 40.25718 77.11819 104.902 148.2405 94.8487 29.99051 34.69038 93.45486 42.16851 20.77968 4.271938 1.214954 1.09924 1.039628 0.8751189 0.9123778 0.9900002 0.9271626 0.4785567 0.4346145 -9999 -9999 -9999 -9999 -9999 10.99791 10.99791 7.414383 -9999 16.23576 16.23576
0.5450324 0.7864347 0.6344706 0.5936327 0.3266624 0.2685473 0.4156198 0.4834385 0.5212588 0.4938503 0.4155965 0.3183147 0.3858566 0.3548222 0.3439389 0.3196119 0.7576907 1.407634 0.8616545 0.7678805 0.8162054 6.834892 6.390136 34.93174 5.95281 12.29917 33.46001 63.98724 64.49492 211.731 94.92248 72.1916 114.8164 89.30534 162.985 153.1339 284.9188 2495.031 221.6578 135.353 109.8212 115.5668 32.64307 35.21319 83.14428 320.2715 80.1434 101.0323 27.51496 51.46759 36.932 21.46513 1.421997 0.9399825 0.8522105 0.8516937 0.8238556 0.4811332 0.4346145 0.4346145 -9999 -9999 -9999 -9999 -9999 -9999 -9999 40.27384 9.143811 -9999 -9999 -9999
0.2210013 0.4601089 0.3556228 0.3062176 0.2019792 0.2046524 0.2379623 0.2868507 0.4671806 0.4296761 0.4147735 0.4583647 0.5639648 0.6448882 0.8920935 0.854445 0.5344211 9.978958 10.16768 0.6199609 1.366442 3.99457 4.79232 12.26762 4.521686 13.23229 31.03914 82.07387 27.20859 122.9191 28.00813 64.77599 132.8688 392.8495 162.3899 184.5334 337.8755 215.0379 128.6111 114.768 102.5878 42.17926 27.52521 33.64783 80.34737 325.9306 151.142 38.82696 44.87588 22.15725 11.79153 9.635594 2.180011 1.468951 1.376054 2.429244 0.5875564 0.4346145 0.4346145 -9999 -9999 -9999 -9999 -9999 -9999 34.64231 30.29248 27.40249 7.565396 7.648989 -9999 -9999
0.1526878 0.1420176 0.1431735 4.934011 3.043307 0.2374076 0.2494998 0.2056819 0.1974265 0.3540125 0.6363708 0.6142751 0.7148656 0.7727552 0.9352 2.52795 1.066028 1.274713 0.7907967 6.450097 3.492568 2.653871 12.33564 6.262051 11.32276 50.51578 23.66994 19.63374 22.69615 47.99295 72.04086 75.7864 62.64608 106.7535 197.408 262.1018 262.6162 276.7323 258.8618 56.17814 46.34673 53.7613 112.8445 419.3118 56.84244 51.48083 12.117 7.786286 10.64609 31.45475 7.292969 5.786715 2.198109 2.565768 7.298596 7.739605 0.9637507 0.4346145 -9999 -9999 -9999 -9999 -9999 -9999 -9999 -9999 -9999 6.444812 5.106374 7.451174 7.251663 -9999
0.1337132 0.1348182 0.1740929 2.91296 0.3533639 0.2404225 0.2547345 0.2030066 0.2142442 0.4502113 0.7974766 1.253582 0.4308717 2.579107 5.827284 16.23019 14.09771 1.411066 1.930721 13.32226 17.6739 10.81238 49.08862 25.74748 10.43093 15.77879 13.92553 26.21025 27.51441 48.39614 89.33279 104.0646 126.4705 154.2717 269.6137 277.9293 172.5928 183.2565 68.27546 18.02955 6.375177 21.85823 135.1601 73.31706 27.52314 22.39195 100.6161 12.62952 15.11678 12.93041 29.01606 3.134573 2.076797 4.354281 4.924118 6.962868 8.174945 -9999 -9999 -9999 -9999 -9999 -9999 -9999 -9999 -9999 15.63369 8.831698 16.95943 12.72112 17.69209 24.64195
0.137943 0.1514779 0.1973322 0.1841782 0.1432533 0.1570131 0.229569 33.35545 7.386326 0.6494499 1.924797 2.913698 2.5805 3.164681 4.981468 15.84439 58.32391 1.369406 3.743023 21.30736 54.80011 15.30225 51.14762 53.45667 43.18921 26.50096 112.7447 52.86292 348.1446 70.71071 97.42283 110.8075 160.0344 300.5118 1770.735 197.8217 143.9921 792.8653 116.5965 39.79114 28.33631 14.62136 20.42666 20.69921 12.82741 9.477344 34.7019 36.9475 33.84916 7.887885 4.95299 2.305215 1.886146 1.575192 1.574062 1.574062 -9999 -9999 -9999 -9999 -9999 -9999 -9999 -9999 -9999 -9999 55.65226 48.90109 150.9301 36.20991 21.81927 39.10467
0.1876152 0.180652 0.1826794 0.1965827 0.2027693 0.1856436 0.4007491 0.6639306 1.501154 2.042316 1.396521 1.171113 0.9308919 0.9389831 1.243107 1.939411 2.560364 8.835673 18.61145 24.56343 28.80018 39.73063 29.81913 8.983134 23.88144 60.27414 41.83829 28.303 59.23512 32.06186 53.22765 123.7109 459.596 180.0339 180.7499 127.5186 96.8987 78.67899 35.2178 16.25336 132.5433 55.00011 26.25584 89.50605 9.966899 5.478808 8.823481 199.8305 236.3279 12.42144 17.6705 3.837183 2.55724 1.574739 1.574062 -9999 -9999 -9999 -9999 -9999 -9999 -9999 -9999 -9999 9.561449 75.53171 901.9242 121.2378 24.72298 13.14211 23.46168 18.62684
0.1947409 0.1806519 0.1806519 0.2330472 0.3149762 0.4824768 0.2762999 1.44503 10.05365 7.200249 1.053607 0.8243346 1.62194 2.66767 2.847613 5.418249 2.91169 3.41847 3.785946 14.81925 23.20603 49.40824 52.31562 40.03473 46.43871 50.54912 33.63235 44.40915 40.76418 66.92171 169.0744 225.4503 245.1744 126.3479 292.1422 254.7072 190.1132 86.30006 33.00152 15.423 30.91495 25.55535 166.5408 288.2216 200.8224 11.37481 7.982927 987.1104 95.64321 157.2722 43.78376 2.873235 2.873234 -9999 -9999 -9999 -9999 -9999 -9999 -9999 -9999 -9999 -9999 9.601628 17.3149 30.04086 524.7862 134.7516 10.30145 42.15637 65.79819 31.92398
1.763522 1.055193 0.6607629 0.3688141 0.9931354 1.058467 0.7364518 0.5990849 3.262192 2.636739 4.895522 10.70769 9.098225 16.7262 16.94897 21.89364 20.47902 16.88839 9.566499 48.3885 49.55093 340.9627 184.8758 66.95712 77.52489 59.29925 62.07742 231.0576 120.4447 180.6835 216.8771 398.029 82.00889 80.72414 85.01187 167.6558 85.00243 97.81208 80.59958 43.11475 21.86345 13.28818 68.11005 153.2362 274.2822 121.1932 -9999 -9999 -9999 -9999 -9999 -9999 -9999 -9999 -9999 -9999 -9999 -9999 -9999 -9999 -9999 -9999 19.29259 14.07365 18.58191 159.0522 332.9722 -9999 13.43542 18.67512 12.69789 -9999
